
24/03/2017;12:54:58;-3.079177;-59.9635855;33;8945602560;541954048
24/03/2017;12:55:15;-3.079177;-59.9635855;33;8945594368;541954048
24/03/2017;12:55:20;-3.079177;-59.9635855;33;8945594368;541954048
24/03/2017;12:55:25;-3.079177;-59.9635855;33;8945594368;541954048
24/03/2017;13:20:55;-3.0792869;-59.9635428;33;8965214208;541954048
24/03/2017;13:21:00;-3.0792869;-59.9635428;33;8965214208;541954048
24/03/2017;13:21:05;-3.0792869;-59.9635428;33;8965160960;541954048
24/03/2017;13:21:10;-3.0792869;-59.9635428;33;8965173248;541954048
24/03/2017;13:22:33;-3.0792869;-59.9635428;33;8964853760;541954048
24/03/2017;13:22:38;-3.0792869;-59.9635428;33;8964853760;541954048
24/03/2017;13:58:18;-3.0792107;-59.9635936;33;8947609600;541954048
24/03/2017;13:58:23;-3.0792107;-59.9635936;33;8947613696;541954048
24/03/2017;13:58:28;-3.0792107;-59.9635936;33;8947605504;541954048
24/03/2017;13:58:33;-3.0792107;-59.9635936;33;8947613696;541954048
24/03/2017;13:58:38;-3.0792107;-59.9635936;33;8947613696;541954048
24/03/2017;13:58:43;-3.0792107;-59.9635936;33;8947613696;541954048
24/03/2017;13:58:48;-3.0792107;-59.9635936;33;8947613696;541954048
24/03/2017;13:58:53;-3.0792107;-59.9635936;33;8947613696;541954048
24/03/2017;13:58:58;-3.0792107;-59.9635936;33;8947613696;541954048
24/03/2017;13:59:03;-3.0792107;-59.9635936;33;8947613696;541954048
24/03/2017;13:59:08;-3.0792107;-59.9635936;33;8947597312;541954048
24/03/2017;13:59:13;-3.0792107;-59.9635936;33;8947585024;541954048
24/03/2017;13:59:18;-3.0792107;-59.9635936;33;8947511296;541954048
24/03/2017;13:59:23;-3.0792107;-59.9635936;33;8947531776;541954048
24/03/2017;13:59:28;-3.0792107;-59.9635936;33;8947449856;541954048
24/03/2017;13:59:33;-3.0792107;-59.9635936;33;8947466240;541954048
24/03/2017;13:59:38;-3.0792107;-59.9635936;33;8947466240;541954048
24/03/2017;13:59:43;-3.0792107;-59.9635936;33;8947466240;541954048
24/03/2017;13:59:48;-3.0792107;-59.9635936;33;8947466240;541954048
24/03/2017;13:59:53;-3.0792107;-59.9635936;33;8947462144;541954048
24/03/2017;13:59:58;-3.0792107;-59.9635936;33;8947470336;541954048
24/03/2017;14:00:03;-3.0792107;-59.9635936;33;8947470336;541954048
24/03/2017;14:00:08;-3.0792107;-59.9635936;33;8947470336;541954048
24/03/2017;14:00:13;-3.0792107;-59.9635936;33;8947470336;541954048
24/03/2017;14:00:18;-3.0792107;-59.9635936;33;8947478528;541954048
24/03/2017;14:00:23;-3.0792107;-59.9635936;33;8947478528;541954048
24/03/2017;14:00:28;-3.0792107;-59.9635936;33;8947478528;541954048
24/03/2017;14:00:33;-3.0792107;-59.9635936;33;8947478528;541954048
24/03/2017;14:10:34;-3.0792601;-59.9636575;33;8947437568;541954048
24/03/2017;14:10:39;-3.0792601;-59.9636575;33;8947437568;541954048
24/03/2017;14:10:44;-3.0792601;-59.9636575;33;8947437568;541954048
24/03/2017;14:10:49;-3.0792601;-59.9636575;33;8947437568;541954048
24/03/2017;14:10:54;-3.0792601;-59.9636575;33;8947417088;541954048
24/03/2017;14:10:59;-3.0792601;-59.9636575;33;8947421184;541954048
24/03/2017;14:11:04;-3.0792601;-59.9636575;33;8947421184;541954048
24/03/2017;14:11:09;-3.0792601;-59.9636575;33;8947421184;541954048
24/03/2017;14:11:14;-3.0792601;-59.9636575;33;8947421184;541954048
24/03/2017;14:11:19;-3.0792601;-59.9636575;33;8947421184;541954048
24/03/2017;14:11:25;-3.0792601;-59.9636575;33;8947421184;541954048
24/03/2017;14:11:30;-3.0792601;-59.9636575;33;8947417088;541954048
24/03/2017;14:11:35;-3.0792601;-59.9636575;33;8947417088;541954048
24/03/2017;14:11:40;-3.0792601;-59.9636575;33;8947417088;541954048
24/03/2017;14:11:45;-3.0792601;-59.9636575;33;8947417088;541954048
24/03/2017;14:11:50;-3.0792601;-59.9636575;33;8947417088;541954048
24/03/2017;14:11:55;-3.0792601;-59.9636575;33;8947417088;541954048
24/03/2017;14:12:00;-3.0792601;-59.9636575;33;8947417088;541954048
24/03/2017;14:12:05;-3.0792601;-59.9636575;33;8947417088;541954048
24/03/2017;14:12:10;-3.0792601;-59.9636575;33;8947417088;541954048
24/03/2017;14:12:15;-3.0792601;-59.9636575;33;8947417088;541954048
24/03/2017;14:13:15;-3.0792601;-59.9636575;33;8947400704;541954048
24/03/2017;14:13:20;-3.079177;-59.9635855;33;8947392512;541954048
24/03/2017;14:13:25;-3.079177;-59.9635855;33;8947412992;541954048
24/03/2017;14:13:30;-3.079177;-59.9635855;33;8947408896;541954048
24/03/2017;14:13:35;-3.079177;-59.9635855;33;8947408896;541954048
24/03/2017;14:13:40;-3.079177;-59.9635855;33;8947408896;541954048
24/03/2017;14:13:45;-3.079177;-59.9635855;33;8947408896;541954048
24/03/2017;14:13:50;-3.079177;-59.9635855;33;8947408896;541954048
24/03/2017;14:13:56;-3.079177;-59.9635855;33;8947408896;541954048
24/03/2017;14:14:01;-3.079177;-59.9635855;33;8947408896;541954048
24/03/2017;14:14:06;-3.079177;-59.9635855;33;8947408896;541954048
24/03/2017;14:14:11;-3.079177;-59.9635855;33;8947408896;541954048
24/03/2017;14:14:16;-3.079177;-59.9635855;33;8947400704;541954048
24/03/2017;14:14:21;-3.079177;-59.9635855;33;8947408896;541954048
24/03/2017;14:14:26;-3.079177;-59.9635855;33;8947408896;541954048
24/03/2017;14:14:31;-3.079177;-59.9635855;33;8947408896;541954048
24/03/2017;14:14:36;-3.079177;-59.9635855;33;8947408896;541954048
24/03/2017;14:14:41;-3.079177;-59.9635855;33;8947408896;541954048
24/03/2017;14:14:46;-3.079177;-59.9635855;33;8947408896;541954048
24/03/2017;14:14:51;-3.079177;-59.9635855;33;8947404800;541954048
24/03/2017;14:14:56;-3.079177;-59.9635855;33;8947240960;541954048
24/03/2017;14:15:01;-3.079177;-59.9635855;33;8947257344;541954048
24/03/2017;14:15:06;-3.079177;-59.9635855;33;8947257344;541954048
24/03/2017;14:15:11;-3.079177;-59.9635855;33;8947257344;541954048
24/03/2017;14:15:16;-3.079177;-59.9635855;33;8947257344;541954048
24/03/2017;14:15:21;-3.079177;-59.9635855;33;8947257344;541954048
24/03/2017;14:15:26;-3.079177;-59.9635855;33;8947257344;541954048
24/03/2017;14:15:32;-3.079177;-59.9635855;33;8947257344;541954048
24/03/2017;14:15:37;-3.079177;-59.9635855;33;8947257344;541954048
24/03/2017;14:15:42;-3.079177;-59.9635855;33;8947257344;541954048
24/03/2017;14:15:47;-3.079177;-59.9635855;33;8947257344;541954048
24/03/2017;14:15:52;-3.079177;-59.9635855;33;8947257344;541954048
24/03/2017;14:15:57;-3.079177;-59.9635855;33;8947257344;541954048
24/03/2017;14:16:02;-3.079177;-59.9635855;33;8947257344;541954048
24/03/2017;14:16:07;-3.079177;-59.9635855;33;8947257344;541954048
24/03/2017;14:16:12;-3.079177;-59.9635855;33;8947257344;541954048
24/03/2017;14:16:17;-3.079177;-59.9635855;33;8947257344;541954048
24/03/2017;14:16:22;-3.079177;-59.9635855;33;8947257344;541954048
24/03/2017;14:16:27;-3.079177;-59.9635855;33;8947257344;541954048
24/03/2017;14:16:32;-3.079177;-59.9635855;33;8947257344;541954048
24/03/2017;14:16:37;-3.079177;-59.9635855;33;8947257344;541954048
24/03/2017;14:16:42;-3.079177;-59.9635855;33;8947257344;541954048
24/03/2017;14:16:47;-3.079177;-59.9635855;33;8947257344;541954048
24/03/2017;14:16:52;-3.079177;-59.9635855;33;8947257344;541954048
24/03/2017;14:16:57;-3.079177;-59.9635855;33;8947257344;541954048
24/03/2017;14:17:02;-3.079177;-59.9635855;33;8947257344;541954048
24/03/2017;14:17:08;-3.079177;-59.9635855;33;8947257344;541954048
24/03/2017;14:17:13;-3.079177;-59.9635855;33;8947257344;541954048
24/03/2017;14:17:18;-3.079177;-59.9635855;33;8947257344;541954048
24/03/2017;14:17:23;-3.079177;-59.9635855;33;8947257344;541954048
24/03/2017;14:17:28;-3.079177;-59.9635855;33;8947257344;541954048
24/03/2017;14:17:33;-3.079177;-59.9635855;33;8947257344;541954048
24/03/2017;14:17:38;-3.079177;-59.9635855;33;8947257344;541954048
24/03/2017;14:17:43;-3.079177;-59.9635855;33;8947257344;541954048
24/03/2017;14:17:48;-3.079177;-59.9635855;33;8947253248;541954048
24/03/2017;14:17:53;-3.079177;-59.9635855;33;8947257344;541954048
24/03/2017;14:18:19;-3.079177;-59.9635855;32;8947191808;541954048
24/03/2017;14:18:24;-3.079177;-59.9635855;32;8947200000;541954048
24/03/2017;14:18:35;-3.079177;-59.9635855;32;8947183616;541954048
24/03/2017;14:19:33;-3.079177;-59.9635855;33;8947331072;541954048
24/03/2017;14:19:38;-3.079177;-59.9635855;33;8947290112;541954048
24/03/2017;14:19:43;-3.079177;-59.9635855;33;8947294208;541954048
24/03/2017;14:19:48;-3.079177;-59.9635855;33;8947281920;541954048
24/03/2017;14:20:36;-3.079177;-59.9635855;33;8947290112;541954048
24/03/2017;14:22:50;-3.079177;-59.9635855;33;8947286016;541954048
24/03/2017;14:25:19;-3.079177;-59.9635855;33;8947277824;541954048
24/03/2017;14:29:22;-3.079177;-59.9635855;33;8947277824;541954048
24/03/2017;14:29:31;-3.079177;-59.9635855;33;8947277824;541954048
24/03/2017;14:29:41;-3.0792107;-59.9635936;33;8947277824;541954048
24/03/2017;14:30:32;-3.0792107;-59.9635936;33;8947265536;541954048
24/03/2017;14:30:37;-3.0792107;-59.9635936;33;8964206592;541954048
24/03/2017;14:31:16;-3.0792107;-59.9635936;33;8964009984;541954048
24/03/2017;14:31:21;-3.0792107;-59.9635936;33;8964018176;541954048
24/03/2017;14:31:26;-3.0792107;-59.9635936;33;8964005888;541954048
24/03/2017;14:31:31;-3.0792107;-59.9635936;33;8963993600;541954048
24/03/2017;14:31:36;-3.0792107;-59.9635936;33;8963997696;541954048
24/03/2017;14:31:41;-3.0792107;-59.9635936;33;8963993600;541954048
24/03/2017;14:31:46;-3.0792107;-59.9635936;33;8963989504;541954048
24/03/2017;14:31:51;-3.0792107;-59.9635936;33;8963993600;541954048
24/03/2017;14:31:56;-3.0792107;-59.9635936;33;8963993600;541954048
24/03/2017;14:32:01;-3.0792107;-59.9635936;33;8963948544;541954048
24/03/2017;14:32:06;-3.0792107;-59.9635936;33;8963956736;541954048
24/03/2017;14:32:11;-3.0792107;-59.9635936;33;8963956736;541954048
24/03/2017;14:32:16;-3.0792107;-59.9635936;33;8963956736;541954048
24/03/2017;14:32:21;-3.0792107;-59.9635936;33;8963956736;541954048
24/03/2017;14:32:26;-3.0792107;-59.9635936;33;8963952640;541954048
24/03/2017;14:32:31;-3.0792107;-59.9635936;33;8963952640;541954048
24/03/2017;14:32:36;-3.0792107;-59.9635936;33;8963952640;541954048
24/03/2017;14:32:41;-3.0792107;-59.9635936;33;8963952640;541954048
24/03/2017;14:32:46;-3.0792107;-59.9635936;33;8963952640;541954048
24/03/2017;14:32:51;-3.0792107;-59.9635936;33;8963952640;541954048
24/03/2017;14:32:56;-3.0792107;-59.9635936;33;8963932160;541954048
24/03/2017;14:33:02;-3.0792107;-59.9635936;33;8963940352;541954048
24/03/2017;14:33:07;-3.0792107;-59.9635936;33;8963940352;541954048
24/03/2017;14:33:12;-3.0792107;-59.9635936;33;8963911680;541954048
24/03/2017;14:33:17;-3.0792107;-59.9635936;33;8964341760;541954048
24/03/2017;16:54:18;-3.0791691;-59.9600189;81;8756723712;541954048
24/03/2017;16:54:23;-3.0791691;-59.9600189;81;8756723712;541954048
24/03/2017;16:54:28;-3.0791691;-59.9600189;81;8756723712;541954048
24/03/2017;16:54:33;-3.0791691;-59.9600189;81;8756723712;541954048
24/03/2017;16:54:38;-3.0791691;-59.9600189;81;8756723712;541954048
24/03/2017;16:54:43;-3.0791691;-59.9600189;81;8756723712;541954048
24/03/2017;16:54:48;-3.0791691;-59.9600189;81;8756723712;541954048
24/03/2017;16:54:53;-3.0791691;-59.9600189;81;8756723712;541954048
24/03/2017;18:16:18;-3.1178385;-59.9835415;97;8756723712;541954048
24/03/2017;18:16:23;-3.1178385;-59.9835415;97;8756719616;541954048
24/03/2017;18:16:28;-3.1178385;-59.9835415;97;8756711424;541954048
24/03/2017;18:16:33;-3.1178385;-59.9835415;97;8756719616;541954048
24/03/2017;18:16:38;-3.1178385;-59.9835415;97;8756723712;541954048
24/03/2017;18:16:43;-3.1178385;-59.9835415;97;8756723712;541954048
24/03/2017;18:16:48;-3.1178385;-59.9835415;97;8756711424;541954048
24/03/2017;18:16:53;-3.1178385;-59.9835415;97;8756719616;541954048
24/03/2017;18:16:58;-3.1178385;-59.9835415;97;8756719616;541954048
24/03/2017;18:17:03;-3.1178385;-59.9835415;97;8756719616;541954048
24/03/2017;18:17:08;-3.1178385;-59.9835415;97;8756719616;541954048
24/03/2017;18:17:13;-3.1178385;-59.9835415;97;8756719616;541954048
24/03/2017;18:17:18;-3.1178385;-59.9835415;97;8756719616;541954048
24/03/2017;18:17:23;-3.1178385;-59.9835415;97;8756719616;541954048
24/03/2017;18:17:28;-3.1178385;-59.9835415;97;8756719616;541954048
24/03/2017;18:17:33;-3.1178385;-59.9835415;97;8756719616;541954048
24/03/2017;18:17:38;-3.1178385;-59.9835415;96;8756719616;541954048
24/03/2017;18:17:43;-3.1178385;-59.9835415;96;8756715520;541954048
24/03/2017;18:17:48;-3.1178385;-59.9835415;96;8756715520;541954048
24/03/2017;18:17:53;-3.1178385;-59.9835415;96;8756715520;541954048
24/03/2017;18:17:58;-3.1178385;-59.9835415;96;8756715520;541954048
24/03/2017;18:18:03;-3.1178385;-59.9835415;96;8756715520;541954048
24/03/2017;18:18:08;-3.1178385;-59.9835415;96;8756711424;541954048
24/03/2017;18:18:13;-3.1178385;-59.9835415;96;8756711424;541954048
24/03/2017;18:18:18;-3.1178385;-59.9835415;96;8756711424;541954048
24/03/2017;18:18:23;-3.1178385;-59.9835415;96;8756711424;541954048
24/03/2017;18:18:28;-3.1178385;-59.9835415;96;8756711424;541954048
24/03/2017;18:18:33;-3.1178385;-59.9835415;96;8756711424;541954048
24/03/2017;18:18:38;-3.1178385;-59.9835415;96;8756711424;541954048
24/03/2017;18:18:43;-3.1178385;-59.9835415;96;8756711424;541954048
24/03/2017;18:18:48;-3.1178385;-59.9835415;96;8756711424;541954048
24/03/2017;18:18:53;-3.1178385;-59.9835415;96;8756711424;541954048
24/03/2017;18:18:58;-3.1178385;-59.9835415;96;8756711424;541954048
24/03/2017;18:19:03;-3.1178385;-59.9835415;96;8756711424;541954048
24/03/2017;18:19:08;-3.1178385;-59.9835415;96;8756711424;541954048
24/03/2017;18:19:13;-3.1178385;-59.9835415;96;8756711424;541954048
24/03/2017;18:19:18;-3.1178385;-59.9835415;96;8756711424;541954048
24/03/2017;18:19:23;-3.1178385;-59.9835415;96;8756711424;541954048
24/03/2017;18:19:28;-3.1178385;-59.9835415;96;8756711424;541954048
24/03/2017;18:19:33;-3.1178385;-59.9835415;96;8756711424;541954048
24/03/2017;18:19:39;-3.1178385;-59.9835415;96;8756711424;541954048
24/03/2017;18:19:44;-3.1178385;-59.9835415;96;8756711424;541954048
24/03/2017;18:19:49;-3.1178385;-59.9835415;96;8756711424;541954048
24/03/2017;18:19:54;-3.1178385;-59.9835415;96;8756711424;541954048
24/03/2017;18:19:59;-3.1178385;-59.9835415;96;8756711424;541954048
24/03/2017;18:20:04;-3.1178385;-59.9835415;96;8756711424;541954048
24/03/2017;18:20:09;-3.1178385;-59.9835415;96;8756711424;541954048
24/03/2017;18:20:14;-3.1178385;-59.9835415;96;8756711424;541954048
24/03/2017;18:20:19;-3.1178385;-59.9835415;96;8756711424;541954048
24/03/2017;18:20:24;-3.1178385;-59.9835415;96;8756711424;541954048
24/03/2017;18:20:29;-3.1178385;-59.9835415;96;8756711424;541954048
24/03/2017;18:20:34;-3.1178385;-59.9835415;96;8756711424;541954048
24/03/2017;18:20:39;-3.1178385;-59.9835415;96;8756711424;541954048
24/03/2017;18:20:44;-3.1178385;-59.9835415;96;8756711424;541954048
24/03/2017;18:20:49;-3.1178385;-59.9835415;96;8756711424;541954048
24/03/2017;18:20:54;-3.1178385;-59.9835415;96;8756711424;541954048
24/03/2017;18:20:59;-3.1178385;-59.9835415;96;8756711424;541954048
24/03/2017;18:21:04;-3.1178385;-59.9835415;96;8756711424;541954048
24/03/2017;18:21:09;-3.1178385;-59.9835415;96;8756711424;541954048
24/03/2017;18:21:14;-3.1178385;-59.9835415;96;8756711424;541954048
24/03/2017;18:21:19;-3.1178385;-59.9835415;96;8756711424;541954048
24/03/2017;18:21:24;-3.1178385;-59.9835415;96;8756711424;541954048
24/03/2017;18:21:29;-3.1178385;-59.9835415;96;8756699136;541954048
24/03/2017;18:21:34;-3.1178385;-59.9835415;96;8756703232;541954048
24/03/2017;18:21:39;-3.1178385;-59.9835415;96;8756703232;541954048
24/03/2017;18:21:44;-3.1178385;-59.9835415;96;8756703232;541954048
24/03/2017;18:21:49;-3.1178385;-59.9835415;96;8756703232;541954048
24/03/2017;18:21:54;-3.1178385;-59.9835415;96;8756703232;541954048
24/03/2017;18:21:59;-3.1178385;-59.9835415;96;8756703232;541954048
24/03/2017;18:22:04;-3.1178385;-59.9835415;96;8756703232;541954048
24/03/2017;18:22:09;-3.1178385;-59.9835415;96;8756703232;541954048
24/03/2017;18:22:14;-3.1178385;-59.9835415;96;8756703232;541954048
24/03/2017;18:22:19;-3.1178385;-59.9835415;96;8756703232;541954048
24/03/2017;18:22:24;-3.1178385;-59.9835415;96;8756703232;541954048
24/03/2017;18:22:29;-3.1178385;-59.9835415;96;8756699136;541954048
24/03/2017;18:22:34;-3.1178385;-59.9835415;96;8756703232;541954048
24/03/2017;18:22:39;-3.1178385;-59.9835415;96;8756703232;541954048
24/03/2017;18:22:44;-3.1178385;-59.9835415;96;8756703232;541954048
24/03/2017;18:22:49;-3.1178385;-59.9835415;96;8756703232;541954048
24/03/2017;18:22:55;-3.1178385;-59.9835415;96;8756703232;541954048
24/03/2017;18:23:00;-3.1178385;-59.9835415;96;8756703232;541954048
24/03/2017;18:23:05;-3.1178385;-59.9835415;96;8756703232;541954048
24/03/2017;18:23:10;-3.1178385;-59.9835415;96;8756703232;541954048
24/03/2017;18:23:15;-3.1178385;-59.9835415;96;8756690944;541954048
24/03/2017;18:23:20;-3.1178385;-59.9835415;96;8756686848;541954048
24/03/2017;18:23:25;-3.1178385;-59.9835415;96;8756690944;541954048
24/03/2017;18:23:30;-3.1178385;-59.9835415;96;8756690944;541954048
24/03/2017;18:23:35;-3.1178385;-59.9835415;96;8756690944;541954048
24/03/2017;18:23:40;-3.1178385;-59.9835415;96;8756690944;541954048
24/03/2017;18:23:45;-3.1178385;-59.9835415;96;8756686848;541954048
24/03/2017;18:23:50;-3.1178385;-59.9835415;96;8756690944;541954048
24/03/2017;18:23:55;-3.1178385;-59.9835415;96;8756690944;541954048
24/03/2017;18:24:00;-3.1178385;-59.9835415;96;8756690944;541954048
24/03/2017;18:24:05;-3.1178385;-59.9835415;96;8756690944;541954048
24/03/2017;18:24:10;-3.1178385;-59.9835415;96;8756690944;541954048
24/03/2017;18:24:15;-3.1178385;-59.9835415;96;8756690944;541954048
24/03/2017;18:24:20;-3.1178385;-59.9835415;96;8756690944;541954048
24/03/2017;18:24:25;-3.1178385;-59.9835415;96;8756690944;541954048
24/03/2017;18:24:30;-3.1178385;-59.9835415;96;8756690944;541954048
24/03/2017;18:24:35;-3.1178385;-59.9835415;96;8756690944;541954048
24/03/2017;18:24:40;-3.1178385;-59.9835415;96;8756690944;541954048
24/03/2017;18:24:45;-3.1178385;-59.9835415;96;8756690944;541954048
24/03/2017;18:24:50;-3.1178385;-59.9835415;96;8756690944;541954048
24/03/2017;18:24:55;-3.1178385;-59.9835415;96;8756690944;541954048
24/03/2017;18:25:00;-3.1178385;-59.9835415;96;8756690944;541954048
24/03/2017;18:25:05;-3.1178385;-59.9835415;96;8756686848;541954048
24/03/2017;18:25:10;-3.1178385;-59.9835415;96;8756686848;541954048
24/03/2017;18:25:15;-3.1178385;-59.9835415;96;8756686848;541954048
24/03/2017;18:25:20;-3.1178385;-59.9835415;96;8756686848;541954048
24/03/2017;18:25:25;-3.1178385;-59.9835415;96;8756686848;541954048
24/03/2017;18:25:30;-3.1178385;-59.9835415;96;8756686848;541954048
24/03/2017;18:25:35;-3.1178385;-59.9835415;96;8756686848;541954048
24/03/2017;18:25:40;-3.1178385;-59.9835415;96;8756686848;541954048
24/03/2017;18:25:45;-3.1178385;-59.9835415;95;8756682752;541954048
24/03/2017;18:25:50;-3.1178385;-59.9835415;95;8756686848;541954048
24/03/2017;18:25:55;-3.1178385;-59.9835415;95;8756682752;541954048
24/03/2017;18:26:00;-3.1282467;-60.0113585;95;8756686848;541954048
24/03/2017;18:26:05;-3.1282467;-60.0113585;95;8756686848;541954048
24/03/2017;18:26:10;-3.1282467;-60.0113585;95;8756682752;541954048
24/03/2017;18:26:16;-3.1282467;-60.0113585;95;8756682752;541954048
24/03/2017;18:26:21;-3.1282467;-60.0113585;95;8756682752;541954048
24/03/2017;18:26:26;-3.1282467;-60.0113585;95;8756682752;541954048
24/03/2017;18:26:31;-3.1282467;-60.0113585;95;8756682752;541954048
24/03/2017;18:26:36;-3.1282467;-60.0113585;95;8756682752;541954048
24/03/2017;18:26:41;-3.1282467;-60.0113585;95;8756682752;541954048
24/03/2017;18:26:46;-3.1282467;-60.0113585;95;8756682752;541954048
24/03/2017;18:26:51;-3.1282467;-60.0113585;95;8756682752;541954048
24/03/2017;18:26:56;-3.1282467;-60.0113585;95;8756682752;541954048
24/03/2017;18:27:01;-3.1282467;-60.0113585;95;8756682752;541954048
24/03/2017;18:27:06;-3.1282467;-60.0113585;95;8756682752;541954048
24/03/2017;18:27:11;-3.1282467;-60.0113585;95;8756682752;541954048
24/03/2017;18:27:16;-3.1282467;-60.0113585;95;8756682752;541954048
24/03/2017;18:27:21;-3.1282467;-60.0113585;95;8756682752;541954048
24/03/2017;18:27:26;-3.1282467;-60.0113585;95;8756682752;541954048
24/03/2017;18:27:31;-3.1282467;-60.0113585;95;8756682752;541954048
24/03/2017;18:27:36;-3.1282467;-60.0113585;95;8756682752;541954048
24/03/2017;18:27:41;-3.1282467;-60.0113585;95;8756682752;541954048
24/03/2017;18:27:46;-3.1282467;-60.0113585;95;8756682752;541954048
24/03/2017;18:27:51;-3.1282467;-60.0113585;95;8756682752;541954048
24/03/2017;18:27:56;-3.1282467;-60.0113585;95;8756682752;541954048
24/03/2017;18:28:01;-3.1282467;-60.0113585;95;8756682752;541954048
24/03/2017;18:28:06;-3.1282467;-60.0113585;95;8756682752;541954048
24/03/2017;18:28:11;-3.1282467;-60.0113585;95;8756682752;541954048
24/03/2017;18:28:16;-3.1282467;-60.0113585;95;8756682752;541954048
24/03/2017;18:28:21;-3.1282467;-60.0113585;95;8756678656;541954048
24/03/2017;18:28:26;-3.1282467;-60.0113585;95;8756678656;541954048
24/03/2017;18:28:31;-3.1282467;-60.0113585;95;8756678656;541954048
24/03/2017;18:28:36;-3.1282467;-60.0113585;95;8756678656;541954048
24/03/2017;18:28:41;-3.1282467;-60.0113585;95;8756678656;541954048
24/03/2017;18:28:46;-3.1282467;-60.0113585;95;8756674560;541954048
24/03/2017;18:28:51;-3.1282467;-60.0113585;95;8756674560;541954048
24/03/2017;18:28:56;-3.1282467;-60.0113585;95;8756674560;541954048
24/03/2017;18:29:01;-3.1282467;-60.0113585;95;8756674560;541954048
24/03/2017;18:29:06;-3.1282467;-60.0113585;95;8756674560;541954048
24/03/2017;18:29:11;-3.1282467;-60.0113585;95;8756674560;541954048
24/03/2017;18:29:16;-3.1282467;-60.0113585;95;8756674560;541954048
24/03/2017;18:29:21;-3.1282467;-60.0113585;95;8756674560;541954048
24/03/2017;18:29:26;-3.1282467;-60.0113585;95;8756674560;541954048
24/03/2017;18:29:31;-3.1282467;-60.0113585;95;8756674560;541954048
24/03/2017;18:29:36;-3.1282467;-60.0113585;95;8756674560;541954048
24/03/2017;18:29:42;-3.1282467;-60.0113585;95;8756674560;541954048
24/03/2017;18:29:47;-3.1282467;-60.0113585;95;8756674560;541954048
24/03/2017;18:29:52;-3.1282467;-60.0113585;95;8756674560;541954048
24/03/2017;18:29:57;-3.1282467;-60.0113585;95;8756674560;541954048
24/03/2017;18:30:02;-3.1282467;-60.0113585;95;8756674560;541954048
24/03/2017;18:30:07;-3.1282467;-60.0113585;95;8756674560;541954048
24/03/2017;18:30:12;-3.1282467;-60.0113585;95;8756674560;541954048
24/03/2017;18:30:17;-3.1282467;-60.0113585;95;8756674560;541954048
24/03/2017;18:30:22;-3.1282467;-60.0113585;95;8756674560;541954048
24/03/2017;18:30:27;-3.1282467;-60.0113585;95;8756674560;541954048
24/03/2017;18:30:32;-3.1282467;-60.0113585;95;8756674560;541954048
24/03/2017;18:30:37;-3.1282467;-60.0113585;95;8756674560;541954048
24/03/2017;18:30:42;-3.1282467;-60.0113585;95;8756674560;541954048
24/03/2017;18:30:47;-3.1282467;-60.0113585;95;8756674560;541954048
24/03/2017;18:30:52;-3.1282467;-60.0113585;95;8756674560;541954048
24/03/2017;18:30:57;-3.1282467;-60.0113585;95;8756662272;541954048
24/03/2017;18:31:02;-3.1282467;-60.0113585;95;8756670464;541954048
24/03/2017;18:31:07;-3.1282467;-60.0113585;95;8756670464;541954048
24/03/2017;18:31:12;-3.1282467;-60.0113585;95;8756670464;541954048
24/03/2017;18:31:17;-3.1282467;-60.0113585;95;8756670464;541954048
24/03/2017;18:31:22;-3.1282467;-60.0113585;95;8756670464;541954048
24/03/2017;18:31:27;-3.1282467;-60.0113585;95;8756670464;541954048
24/03/2017;18:31:32;-3.1282467;-60.0113585;95;8756670464;541954048
24/03/2017;18:31:37;-3.1282467;-60.0113585;95;8756670464;541954048
24/03/2017;18:31:42;-3.1282467;-60.0113585;95;8756670464;541954048
24/03/2017;18:31:47;-3.1282467;-60.0113585;95;8756670464;541954048
24/03/2017;18:31:52;-3.1282467;-60.0113585;95;8756670464;541954048
24/03/2017;18:31:57;-3.1282467;-60.0113585;95;8756670464;541954048
24/03/2017;18:32:02;-3.1282467;-60.0113585;95;8756670464;541954048
24/03/2017;18:32:07;-3.1282467;-60.0113585;95;8756670464;541954048
24/03/2017;18:32:12;-3.1282467;-60.0113585;95;8756670464;541954048
24/03/2017;18:32:17;-3.1282467;-60.0113585;95;8756666368;541954048
24/03/2017;18:32:22;-3.1282467;-60.0113585;95;8756666368;541954048
24/03/2017;18:32:27;-3.1282467;-60.0113585;95;8756666368;541954048
24/03/2017;18:32:32;-3.1282467;-60.0113585;95;8756666368;541954048
24/03/2017;18:32:37;-3.1282467;-60.0113585;95;8756666368;541954048
24/03/2017;18:32:42;-3.1282467;-60.0113585;95;8756666368;541954048
24/03/2017;18:32:47;-3.1282467;-60.0113585;95;8756666368;541954048
24/03/2017;18:32:52;-3.1282467;-60.0113585;95;8756666368;541954048
24/03/2017;18:32:57;-3.1282467;-60.0113585;95;8756666368;541954048
24/03/2017;18:33:19;-3.1282467;-60.0113585;95;8756654080;541954048
24/03/2017;18:33:24;-3.1282467;-60.0113585;95;8756658176;541954048
24/03/2017;18:33:29;-3.1282467;-60.0113585;95;8756658176;541954048
24/03/2017;18:33:34;-3.1282467;-60.0113585;95;8756658176;541954048
24/03/2017;18:33:39;-3.1282467;-60.0113585;95;8756658176;541954048
24/03/2017;18:33:44;-3.1282467;-60.0113585;95;8756654080;541954048
24/03/2017;18:33:49;-3.1282467;-60.0113585;95;8756654080;541954048
24/03/2017;18:33:55;-3.1282467;-60.0113585;95;8756654080;541954048
24/03/2017;18:34:00;-3.1282467;-60.0113585;95;8756654080;541954048
24/03/2017;18:34:05;-3.1282467;-60.0113585;94;8756654080;541954048
24/03/2017;18:34:10;-3.1282467;-60.0113585;94;8756654080;541954048
24/03/2017;18:34:15;-3.1282467;-60.0113585;94;8756654080;541954048
24/03/2017;18:34:20;-3.1282467;-60.0113585;94;8756654080;541954048
24/03/2017;18:34:25;-3.1282467;-60.0113585;94;8756654080;541954048
24/03/2017;18:34:30;-3.1282467;-60.0113585;94;8756654080;541954048
24/03/2017;18:34:35;-3.1282467;-60.0113585;94;8756654080;541954048
24/03/2017;18:34:40;-3.1282467;-60.0113585;94;8756654080;541954048
24/03/2017;18:34:45;-3.1282467;-60.0113585;94;8756654080;541954048
24/03/2017;18:34:50;-3.1282467;-60.0113585;94;8756654080;541954048
24/03/2017;18:34:55;-3.1282467;-60.0113585;94;8756654080;541954048
24/03/2017;18:35:00;-3.1282467;-60.0113585;94;8756654080;541954048
24/03/2017;18:35:05;-3.1282467;-60.0113585;94;8756654080;541954048
24/03/2017;18:35:10;-3.1282467;-60.0113585;94;8756654080;541954048
24/03/2017;18:35:15;-3.1282467;-60.0113585;94;8756654080;541954048
24/03/2017;18:35:20;-3.1282467;-60.0113585;94;8756654080;541954048
24/03/2017;18:35:25;-3.1282467;-60.0113585;94;8756654080;541954048
24/03/2017;18:35:30;-3.1282467;-60.0113585;94;8756654080;541954048
24/03/2017;18:35:35;-3.1282467;-60.0113585;94;8756654080;541954048
24/03/2017;18:35:40;-3.1282467;-60.0113585;94;8756654080;541954048
24/03/2017;18:35:45;-3.1282467;-60.0113585;94;8756641792;541954048
24/03/2017;18:35:50;-3.1282467;-60.0113585;94;8756649984;541954048
24/03/2017;18:35:55;-3.1282467;-60.0113585;94;8756649984;541954048
24/03/2017;18:36:00;-3.1282467;-60.0113585;94;8756649984;541954048
24/03/2017;18:36:05;-3.1282467;-60.0113585;94;8756645888;541954048
24/03/2017;18:36:10;-3.1282467;-60.0113585;94;8756645888;541954048
24/03/2017;18:36:15;-3.1282467;-60.0113585;94;8756645888;541954048
24/03/2017;18:36:20;-3.1282467;-60.0113585;94;8756645888;541954048
24/03/2017;18:36:25;-3.1282467;-60.0113585;94;8756645888;541954048
24/03/2017;18:36:30;-3.1282467;-60.0113585;94;8756645888;541954048
24/03/2017;18:36:35;-3.1282467;-60.0113585;94;8756641792;541954048
24/03/2017;18:36:40;-3.1282467;-60.0113585;94;8756633600;541954048
24/03/2017;18:36:45;-3.1282467;-60.0113585;94;8756637696;541954048
24/03/2017;18:36:50;-3.1282467;-60.0113585;94;8756637696;541954048
24/03/2017;18:36:55;-3.1282467;-60.0113585;94;8756637696;541954048
24/03/2017;18:37:00;-3.1282467;-60.0113585;94;8756637696;541954048
24/03/2017;18:37:06;-3.1282467;-60.0113585;94;8756637696;541954048
24/03/2017;18:37:11;-3.1282467;-60.0113585;94;8756637696;541954048
24/03/2017;18:37:16;-3.1282467;-60.0113585;94;8756637696;541954048
24/03/2017;18:37:21;-3.1282467;-60.0113585;94;8756637696;541954048
24/03/2017;18:37:26;-3.1282467;-60.0113585;94;8756637696;541954048
24/03/2017;18:37:31;-3.1282467;-60.0113585;94;8756637696;541954048
24/03/2017;18:37:36;-3.1282467;-60.0113585;94;8756637696;541954048
24/03/2017;18:37:41;-3.1282467;-60.0113585;94;8756637696;541954048
24/03/2017;18:37:46;-3.1282467;-60.0113585;94;8756637696;541954048
24/03/2017;18:37:51;-3.1282467;-60.0113585;94;8756637696;541954048
24/03/2017;18:37:56;-3.1282467;-60.0113585;94;8756637696;541954048
24/03/2017;18:38:01;-3.1282467;-60.0113585;94;8756637696;541954048
24/03/2017;18:38:06;-3.1282467;-60.0113585;94;8756637696;541954048
24/03/2017;18:38:11;-3.1282467;-60.0113585;94;8756637696;541954048
24/03/2017;18:38:16;-3.1282467;-60.0113585;94;8756637696;541954048
24/03/2017;18:38:21;-3.1282467;-60.0113585;94;8756637696;541954048
24/03/2017;18:38:26;-3.1282467;-60.0113585;94;8756637696;541954048
24/03/2017;18:38:31;-3.1282467;-60.0113585;94;8756637696;541954048
24/03/2017;18:38:36;-3.1282467;-60.0113585;94;8756633600;541954048
24/03/2017;18:38:41;-3.1282467;-60.0113585;94;8756637696;541954048
24/03/2017;18:38:46;-3.1282467;-60.0113585;94;8756637696;541954048
24/03/2017;18:38:51;-3.1282467;-60.0113585;94;8756637696;541954048
24/03/2017;18:38:56;-3.1282467;-60.0113585;94;8756633600;541954048
24/03/2017;18:39:01;-3.1282467;-60.0113585;94;8756633600;541954048
24/03/2017;18:39:06;-3.1282467;-60.0113585;94;8756633600;541954048
24/03/2017;18:39:11;-3.1282467;-60.0113585;94;8756633600;541954048
24/03/2017;18:39:16;-3.1282467;-60.0113585;94;8756633600;541954048
24/03/2017;18:39:21;-3.1282467;-60.0113585;94;8756633600;541954048
24/03/2017;18:39:26;-3.1282467;-60.0113585;94;8756633600;541954048
24/03/2017;18:39:31;-3.1282467;-60.0113585;94;8756633600;541954048
24/03/2017;18:39:36;-3.1282467;-60.0113585;94;8756633600;541954048
24/03/2017;18:39:41;-3.1282467;-60.0113585;94;8756633600;541954048
24/03/2017;18:39:46;-3.1282467;-60.0113585;94;8756633600;541954048
24/03/2017;18:39:51;-3.1282467;-60.0113585;94;8756629504;541954048
24/03/2017;18:39:56;-3.1282467;-60.0113585;94;8756629504;541954048
24/03/2017;18:40:02;-3.1282467;-60.0113585;94;8756629504;541954048
24/03/2017;18:40:07;-3.1282467;-60.0113585;94;8756629504;541954048
24/03/2017;18:40:12;-3.1282467;-60.0113585;94;8756629504;541954048
24/03/2017;18:40:17;-3.1282467;-60.0113585;94;8756629504;541954048
24/03/2017;18:40:22;-3.1282467;-60.0113585;94;8756629504;541954048
24/03/2017;18:40:27;-3.1282467;-60.0113585;94;8756629504;541954048
24/03/2017;18:40:32;-3.1282467;-60.0113585;94;8756629504;541954048
24/03/2017;18:40:37;-3.1282467;-60.0113585;94;8756617216;541954048
24/03/2017;18:40:42;-3.1282467;-60.0113585;94;8756625408;541954048
24/03/2017;18:40:47;-3.1282467;-60.0113585;94;8756625408;541954048
24/03/2017;18:40:52;-3.1282467;-60.0113585;94;8756625408;541954048
24/03/2017;18:40:57;-3.1282467;-60.0113585;94;8756625408;541954048
24/03/2017;18:41:02;-3.1282467;-60.0113585;94;8756621312;541954048
24/03/2017;18:41:07;-3.1282467;-60.0113585;94;8756625408;541954048
24/03/2017;18:41:12;-3.1282467;-60.0113585;94;8756625408;541954048
24/03/2017;18:41:17;-3.1282467;-60.0113585;94;8756625408;541954048
24/03/2017;18:41:22;-3.0975076;-60.0151412;94;8756625408;541954048
24/03/2017;18:41:27;-3.0975076;-60.0151412;94;8756625408;541954048
24/03/2017;18:41:32;-3.0975076;-60.0151412;94;8756625408;541954048
24/03/2017;18:41:37;-3.0975076;-60.0151412;94;8756625408;541954048
24/03/2017;18:41:42;-3.0975076;-60.0151412;94;8756625408;541954048
24/03/2017;18:41:47;-3.0975076;-60.0151412;94;8756625408;541954048
24/03/2017;18:41:52;-3.0975076;-60.0151412;94;8756625408;541954048
24/03/2017;18:41:57;-3.0975076;-60.0151412;94;8756625408;541954048
24/03/2017;18:42:02;-3.0975076;-60.0151412;94;8756625408;541954048
24/03/2017;18:42:07;-3.0975076;-60.0151412;93;8756625408;541954048
24/03/2017;18:42:12;-3.0975076;-60.0151412;93;8756625408;541954048
24/03/2017;18:42:17;-3.0975076;-60.0151412;93;8756625408;541954048
24/03/2017;18:42:22;-3.0975076;-60.0151412;93;8756625408;541954048
24/03/2017;18:42:27;-3.0975076;-60.0151412;93;8756625408;541954048
24/03/2017;18:42:32;-3.0975076;-60.0151412;93;8756625408;541954048
24/03/2017;18:42:37;-3.0975076;-60.0151412;93;8756625408;541954048
24/03/2017;18:42:42;-3.0975076;-60.0151412;93;8756625408;541954048
24/03/2017;18:42:47;-3.0975076;-60.0151412;93;8756625408;541954048
24/03/2017;18:42:52;-3.0975076;-60.0151412;93;8756625408;541954048
24/03/2017;18:42:57;-3.0975076;-60.0151412;93;8756625408;541954048
24/03/2017;18:43:02;-3.0975076;-60.0151412;93;8756625408;541954048
24/03/2017;18:43:07;-3.0975076;-60.0151412;93;8756625408;541954048
24/03/2017;18:43:12;-3.0975076;-60.0151412;93;8756625408;541954048
24/03/2017;18:43:17;-3.0975076;-60.0151412;93;8756621312;541954048
24/03/2017;18:43:22;-3.0975076;-60.0151412;93;8756621312;541954048
24/03/2017;18:43:27;-3.0975076;-60.0151412;93;8756621312;541954048
24/03/2017;18:43:32;-3.0975076;-60.0151412;93;8756621312;541954048
24/03/2017;18:43:37;-3.0975076;-60.0151412;93;8756621312;541954048
24/03/2017;18:43:42;-3.0975076;-60.0151412;93;8756621312;541954048
24/03/2017;18:43:48;-3.0975076;-60.0151412;93;8756621312;541954048
24/03/2017;18:43:53;-3.0975076;-60.0151412;93;8756621312;541954048
24/03/2017;18:43:58;-3.0975076;-60.0151412;93;8756621312;541954048
24/03/2017;18:44:03;-3.0975076;-60.0151412;93;8756617216;541954048
24/03/2017;18:44:08;-3.0975076;-60.0151412;93;8756617216;541954048
24/03/2017;18:44:13;-3.0975076;-60.0151412;93;8756617216;541954048
24/03/2017;18:44:18;-3.0975076;-60.0151412;93;8756617216;541954048
24/03/2017;18:44:23;-3.0975076;-60.0151412;93;8756617216;541954048
24/03/2017;18:44:28;-3.0975076;-60.0151412;93;8756617216;541954048
24/03/2017;18:44:33;-3.0975076;-60.0151412;93;8756617216;541954048
24/03/2017;18:44:38;-3.0975076;-60.0151412;93;8756617216;541954048
24/03/2017;18:44:43;-3.0975076;-60.0151412;93;8756617216;541954048
24/03/2017;18:44:48;-3.0975076;-60.0151412;93;8756617216;541954048
24/03/2017;18:44:53;-3.0975076;-60.0151412;93;8756617216;541954048
24/03/2017;18:44:58;-3.0975076;-60.0151412;93;8756617216;541954048
24/03/2017;18:45:03;-3.0975076;-60.0151412;93;8756617216;541954048
24/03/2017;18:45:08;-3.0975076;-60.0151412;93;8756617216;541954048
24/03/2017;18:45:13;-3.0975076;-60.0151412;93;8756617216;541954048
24/03/2017;18:45:18;-3.0975076;-60.0151412;93;8756613120;541954048
24/03/2017;18:45:23;-3.0975076;-60.0151412;93;8756604928;541954048
24/03/2017;18:45:28;-3.0975076;-60.0151412;93;8756604928;541954048
24/03/2017;18:45:33;-3.0975076;-60.0151412;93;8756604928;541954048
24/03/2017;18:45:38;-3.0975076;-60.0151412;93;8756604928;541954048
24/03/2017;18:45:43;-3.0975076;-60.0151412;93;8756604928;541954048
24/03/2017;18:45:48;-3.0975076;-60.0151412;93;8756604928;541954048
24/03/2017;18:45:53;-3.0975076;-60.0151412;93;8756604928;541954048
24/03/2017;18:45:58;-3.0975076;-60.0151412;93;8756604928;541954048
24/03/2017;18:46:03;-3.0975076;-60.0151412;93;8756604928;541954048
24/03/2017;18:46:08;-3.0975076;-60.0151412;93;8756604928;541954048
24/03/2017;18:46:13;-3.0975076;-60.0151412;93;8756604928;541954048
24/03/2017;18:46:18;-3.0975076;-60.0151412;93;8756604928;541954048
24/03/2017;18:46:23;-3.0975076;-60.0151412;93;8756604928;541954048
24/03/2017;18:46:28;-3.0975076;-60.0151412;93;8756604928;541954048
24/03/2017;18:46:33;-3.0975076;-60.0151412;93;8756604928;541954048
24/03/2017;18:46:38;-3.0975076;-60.0151412;93;8756604928;541954048
24/03/2017;18:46:43;-3.0975076;-60.0151412;93;8756604928;541954048
24/03/2017;18:46:48;-3.0975076;-60.0151412;93;8756600832;541954048
24/03/2017;18:46:53;-3.0975076;-60.0151412;93;8756600832;541954048
24/03/2017;18:46:58;-3.0975076;-60.0151412;93;8756596736;541954048
24/03/2017;18:47:03;-3.0975076;-60.0151412;93;8756596736;541954048
24/03/2017;18:47:09;-3.0975076;-60.0151412;93;8756596736;541954048
24/03/2017;18:47:14;-3.0975076;-60.0151412;93;8756596736;541954048
24/03/2017;18:47:19;-3.0975076;-60.0151412;93;8756596736;541954048
24/03/2017;18:47:24;-3.0975076;-60.0151412;93;8756596736;541954048
24/03/2017;18:47:29;-3.0975076;-60.0151412;93;8756596736;541954048
24/03/2017;18:47:34;-3.0975076;-60.0151412;93;8756596736;541954048
24/03/2017;18:47:39;-3.0975076;-60.0151412;93;8756596736;541954048
24/03/2017;18:47:44;-3.0975076;-60.0151412;93;8756592640;541954048
24/03/2017;18:47:49;-3.0975076;-60.0151412;93;8756596736;541954048
24/03/2017;18:47:54;-3.0975076;-60.0151412;93;8756596736;541954048
24/03/2017;18:47:59;-3.0975076;-60.0151412;93;8756596736;541954048
24/03/2017;18:48:04;-3.0975076;-60.0151412;93;8756596736;541954048
24/03/2017;18:48:09;-3.0975076;-60.0151412;93;8756596736;541954048
24/03/2017;18:48:14;-3.0975076;-60.0151412;93;8756596736;541954048
24/03/2017;18:48:19;-3.0975076;-60.0151412;93;8756596736;541954048
24/03/2017;18:48:24;-3.0975076;-60.0151412;93;8756584448;541954048
24/03/2017;18:48:29;-3.0975076;-60.0151412;93;8756592640;541954048
24/03/2017;18:48:34;-3.0975076;-60.0151412;93;8756592640;541954048
24/03/2017;18:48:39;-3.0975076;-60.0151412;93;8756592640;541954048
24/03/2017;18:48:44;-3.0975076;-60.0151412;93;8756592640;541954048
24/03/2017;18:48:49;-3.0975076;-60.0151412;93;8756592640;541954048
24/03/2017;18:48:54;-3.0975076;-60.0151412;93;8756592640;541954048
24/03/2017;18:48:59;-3.0975076;-60.0151412;93;8756592640;541954048
24/03/2017;18:49:04;-3.0975076;-60.0151412;93;8756592640;541954048
24/03/2017;18:49:09;-3.0975076;-60.0151412;93;8756588544;541954048
24/03/2017;18:49:14;-3.0975076;-60.0151412;92;8756588544;541954048
24/03/2017;18:49:19;-3.0975076;-60.0151412;92;8756580352;541954048
24/03/2017;18:49:24;-3.0975076;-60.0151412;92;8756584448;541954048
24/03/2017;18:49:29;-3.0975076;-60.0151412;92;8756584448;541954048
24/03/2017;18:49:34;-3.0975076;-60.0151412;92;8756584448;541954048
24/03/2017;18:49:39;-3.0975076;-60.0151412;92;8756584448;541954048
24/03/2017;18:49:44;-3.0975076;-60.0151412;92;8756584448;541954048
24/03/2017;18:49:49;-3.0975076;-60.0151412;92;8756559872;541954048
24/03/2017;18:49:54;-3.0975076;-60.0151412;92;8756568064;541954048
24/03/2017;18:50:00;-3.0952861;-60.0199846;92;8756576256;541954048
24/03/2017;18:50:05;-3.0952861;-60.0199846;92;8756568064;541954048
24/03/2017;18:50:10;-3.0952861;-60.0199846;92;8756572160;541954048
24/03/2017;18:50:15;-3.0952861;-60.0199846;92;8756572160;541954048
24/03/2017;18:50:20;-3.0952861;-60.0199846;92;8756572160;541954048
24/03/2017;18:50:25;-3.0952861;-60.0199846;92;8756572160;541954048
24/03/2017;18:50:30;-3.0952861;-60.0199846;92;8756572160;541954048
24/03/2017;18:50:35;-3.0952861;-60.0199846;92;8756572160;541954048
24/03/2017;18:50:40;-3.0952861;-60.0199846;92;8756572160;541954048
24/03/2017;18:50:45;-3.0952861;-60.0199846;92;8756572160;541954048
24/03/2017;18:50:50;-3.0952861;-60.0199846;92;8756572160;541954048
24/03/2017;18:50:55;-3.0952861;-60.0199846;92;8756572160;541954048
24/03/2017;18:51:00;-3.0952861;-60.0199846;92;8756572160;541954048
24/03/2017;18:51:05;-3.0952861;-60.0199846;92;8756572160;541954048
24/03/2017;18:51:10;-3.0952861;-60.0199846;92;8756572160;541954048
24/03/2017;18:51:15;-3.0952861;-60.0199846;92;8756572160;541954048
24/03/2017;18:51:20;-3.0952861;-60.0199846;92;8756572160;541954048
24/03/2017;18:51:25;-3.0952861;-60.0199846;92;8756572160;541954048
24/03/2017;18:51:30;-3.0952861;-60.0199846;92;8756572160;541954048
24/03/2017;18:51:35;-3.0952861;-60.0199846;92;8756572160;541954048
24/03/2017;18:51:40;-3.0952861;-60.0199846;92;8756572160;541954048
24/03/2017;18:51:45;-3.0952861;-60.0199846;92;8756572160;541954048
24/03/2017;18:51:50;-3.0952861;-60.0199846;92;8756572160;541954048
24/03/2017;18:51:55;-3.0952861;-60.0199846;92;8756572160;541954048
24/03/2017;18:52:00;-3.0952861;-60.0199846;92;8756572160;541954048
24/03/2017;18:52:05;-3.0952861;-60.0199846;92;8756572160;541954048
24/03/2017;18:52:10;-3.0952861;-60.0199846;92;8756572160;541954048
24/03/2017;18:52:15;-3.0952861;-60.0199846;92;8756572160;541954048
24/03/2017;18:52:20;-3.0952861;-60.0199846;92;8756572160;541954048
24/03/2017;18:52:25;-3.0952861;-60.0199846;92;8756572160;541954048
24/03/2017;18:52:30;-3.0952861;-60.0199846;92;8756572160;541954048
24/03/2017;18:52:35;-3.0952861;-60.0199846;92;8756572160;541954048
24/03/2017;18:52:40;-3.0952861;-60.0199846;92;8756572160;541954048
24/03/2017;18:52:45;-3.0952861;-60.0199846;92;8756572160;541954048
24/03/2017;18:52:50;-3.0952861;-60.0199846;92;8756572160;541954048
24/03/2017;18:52:55;-3.0952861;-60.0199846;92;8756572160;541954048
24/03/2017;18:53:00;-3.0952861;-60.0199846;92;8756572160;541954048
24/03/2017;18:53:05;-3.0952861;-60.0199846;92;8756572160;541954048
24/03/2017;18:53:10;-3.0952861;-60.0199846;92;8756572160;541954048
24/03/2017;18:53:15;-3.0952861;-60.0199846;92;8756572160;541954048
24/03/2017;18:53:20;-3.0952861;-60.0199846;92;8756572160;541954048
24/03/2017;18:53:26;-3.0952861;-60.0199846;92;8756572160;541954048
24/03/2017;18:53:31;-3.0952861;-60.0199846;92;8756572160;541954048
24/03/2017;18:53:36;-3.0952861;-60.0199846;92;8756572160;541954048
24/03/2017;18:53:41;-3.0952861;-60.0199846;92;8756572160;541954048
24/03/2017;18:53:46;-3.0952861;-60.0199846;92;8756572160;541954048
24/03/2017;18:53:51;-3.0952861;-60.0199846;92;8756572160;541954048
24/03/2017;18:53:56;-3.0952861;-60.0199846;92;8756572160;541954048
24/03/2017;18:54:01;-3.0952861;-60.0199846;92;8756572160;541954048
24/03/2017;18:54:06;-3.0952861;-60.0199846;92;8756572160;541954048
24/03/2017;18:54:11;-3.0952861;-60.0199846;92;8756572160;541954048
24/03/2017;18:54:16;-3.0952861;-60.0199846;92;8756568064;541954048
24/03/2017;18:54:21;-3.0952861;-60.0199846;92;8756568064;541954048
24/03/2017;18:54:26;-3.0952861;-60.0199846;92;8756563968;541954048
24/03/2017;18:54:31;-3.0952861;-60.0199846;92;8756563968;541954048
24/03/2017;18:54:36;-3.0952861;-60.0199846;92;8757616640;541954048
24/03/2017;18:54:41;-3.0952861;-60.0199846;92;8757616640;541954048
24/03/2017;18:54:46;-3.0952861;-60.0199846;92;8757616640;541954048
24/03/2017;18:54:51;-3.0952861;-60.0199846;92;8757616640;541954048
24/03/2017;18:54:56;-3.0952861;-60.0199846;92;8757616640;541954048
24/03/2017;18:55:01;-3.0952861;-60.0199846;92;8757616640;541954048
24/03/2017;18:55:06;-3.0952861;-60.0199846;92;8757612544;541954048
24/03/2017;18:55:11;-3.0952861;-60.0199846;92;8757616640;541954048
24/03/2017;18:55:16;-3.0952861;-60.0199846;92;8757616640;541954048
24/03/2017;18:55:21;-3.0952861;-60.0199846;92;8757616640;541954048
24/03/2017;18:55:26;-3.0952861;-60.0199846;92;8757616640;541954048
24/03/2017;18:55:31;-3.0952861;-60.0199846;92;8757616640;541954048
24/03/2017;18:55:36;-3.0952861;-60.0199846;92;8757616640;541954048
24/03/2017;18:55:41;-3.0952861;-60.0199846;92;8757616640;541954048
24/03/2017;18:55:46;-3.0952861;-60.0199846;92;8757616640;541954048
24/03/2017;18:55:51;-3.0952861;-60.0199846;92;8757616640;541954048
24/03/2017;18:55:56;-3.0952861;-60.0199846;92;8757616640;541954048
24/03/2017;18:56:01;-3.0952861;-60.0199846;92;8757616640;541954048
24/03/2017;18:56:06;-3.0952861;-60.0199846;92;8757616640;541954048
24/03/2017;18:56:11;-3.0952861;-60.0199846;92;8757616640;541954048
24/03/2017;18:56:16;-3.0952861;-60.0199846;92;8757616640;541954048
24/03/2017;18:56:21;-3.0952861;-60.0199846;92;8757616640;541954048
24/03/2017;18:56:26;-3.0952861;-60.0199846;92;8757616640;541954048
24/03/2017;18:56:31;-3.0952861;-60.0199846;92;8757616640;541954048
24/03/2017;18:56:36;-3.0952861;-60.0199846;92;8757616640;541954048
24/03/2017;18:56:41;-3.0952861;-60.0199846;92;8757612544;541954048
24/03/2017;18:56:46;-3.0952861;-60.0199846;92;8757612544;541954048
24/03/2017;18:56:51;-3.0952861;-60.0199846;92;8757612544;541954048
24/03/2017;18:56:56;-3.0952861;-60.0199846;92;8757612544;541954048
24/03/2017;18:57:01;-3.0952861;-60.0199846;92;8757608448;541954048
24/03/2017;18:57:06;-3.0952861;-60.0199846;92;8757608448;541954048
24/03/2017;18:57:11;-3.0952861;-60.0199846;92;8757608448;541954048
24/03/2017;18:57:16;-3.0952861;-60.0199846;92;8757608448;541954048
24/03/2017;18:57:21;-3.0952861;-60.0199846;92;8757608448;541954048
24/03/2017;18:57:26;-3.0952861;-60.0199846;92;8757608448;541954048
24/03/2017;18:57:31;-3.0952861;-60.0199846;92;8757608448;541954048
24/03/2017;18:57:37;-3.0952861;-60.0199846;92;8757608448;541954048
24/03/2017;18:57:42;-3.0952861;-60.0199846;92;8757608448;541954048
24/03/2017;18:57:47;-3.0952861;-60.0199846;92;8757608448;541954048
24/03/2017;18:57:52;-3.0952861;-60.0199846;92;8757608448;541954048
24/03/2017;18:57:57;-3.0952861;-60.0199846;92;8757612544;541954048
24/03/2017;18:58:02;-3.0952861;-60.0199846;92;8757608448;541954048
24/03/2017;18:58:07;-3.0952861;-60.0199846;91;8757579776;541954048
24/03/2017;18:58:12;-3.0952861;-60.0199846;91;8757579776;541954048
24/03/2017;18:58:17;-3.0952861;-60.0199846;91;8757579776;541954048
24/03/2017;18:58:22;-3.0952861;-60.0199846;91;8757579776;541954048
24/03/2017;18:58:27;-3.0952861;-60.0199846;91;8757579776;541954048
24/03/2017;18:58:32;-3.0952861;-60.0199846;91;8757579776;541954048
24/03/2017;18:58:37;-3.0952861;-60.0199846;91;8757579776;541954048
24/03/2017;18:58:42;-3.0952861;-60.0199846;91;8757579776;541954048
24/03/2017;18:58:47;-3.0952861;-60.0199846;91;8757579776;541954048
24/03/2017;18:58:52;-3.0952861;-60.0199846;91;8757579776;541954048
24/03/2017;18:58:57;-3.0952861;-60.0199846;91;8757579776;541954048
24/03/2017;18:59:02;-3.0952861;-60.0199846;91;8757579776;541954048
24/03/2017;18:59:07;-3.0952861;-60.0199846;91;8757575680;541954048
24/03/2017;18:59:12;-3.0952861;-60.0199846;91;8757563392;541954048
24/03/2017;18:59:17;-3.0952861;-60.0199846;91;8757571584;541954048
24/03/2017;18:59:22;-3.0952861;-60.0199846;91;8757567488;541954048
24/03/2017;18:59:27;-3.0952861;-60.0199846;91;8757567488;541954048
24/03/2017;18:59:32;-3.0952861;-60.0199846;91;8757567488;541954048
24/03/2017;18:59:37;-3.0952861;-60.0199846;91;8757567488;541954048
24/03/2017;18:59:42;-3.0952861;-60.0199846;91;8757567488;541954048
24/03/2017;18:59:47;-3.0952861;-60.0199846;91;8757567488;541954048
24/03/2017;18:59:52;-3.0952861;-60.0199846;91;8757555200;541954048
24/03/2017;18:59:57;-3.0952861;-60.0199846;91;8757563392;541954048
24/03/2017;19:00:02;-3.0952861;-60.0199846;91;8757563392;541954048
24/03/2017;19:00:07;-3.0952861;-60.0199846;91;8757563392;541954048
24/03/2017;19:00:12;-3.0952861;-60.0199846;91;8757563392;541954048
24/03/2017;19:00:17;-3.0952861;-60.0199846;91;8757563392;541954048
24/03/2017;19:00:22;-3.0952861;-60.0199846;91;8757563392;541954048
24/03/2017;19:00:27;-3.0952861;-60.0199846;91;8757563392;541954048
24/03/2017;19:00:32;-3.0952861;-60.0199846;91;8757563392;541954048
24/03/2017;19:00:37;-3.0952861;-60.0199846;91;8757551104;541954048
24/03/2017;19:00:42;-3.0952861;-60.0199846;91;8757559296;541954048
24/03/2017;19:00:47;-3.0952861;-60.0199846;91;8757555200;541954048
24/03/2017;19:00:52;-3.0952861;-60.0199846;91;8757555200;541954048
24/03/2017;19:00:57;-3.0952861;-60.0199846;91;8757555200;541954048
24/03/2017;19:01:02;-3.0952861;-60.0199846;91;8757555200;541954048
24/03/2017;19:01:08;-3.0952861;-60.0199846;91;8757555200;541954048
24/03/2017;19:01:13;-3.0952861;-60.0199846;91;8757555200;541954048
24/03/2017;19:01:18;-3.0952861;-60.0199846;91;8757555200;541954048
24/03/2017;19:01:23;-3.0952861;-60.0199846;91;8757555200;541954048
24/03/2017;19:01:28;-3.0952861;-60.0199846;91;8757542912;541954048
24/03/2017;19:01:33;-3.0932284;-60.0236456;91;8757538816;541954048
24/03/2017;19:01:38;-3.0932965;-60.0236306;91;8757542912;541954048
24/03/2017;19:01:43;-3.0932965;-60.0236306;91;8757542912;541954048
24/03/2017;19:01:48;-3.0932965;-60.0236306;91;8757542912;541954048
24/03/2017;19:01:53;-3.0932965;-60.0236306;91;8757542912;541954048
24/03/2017;19:01:58;-3.0932965;-60.0236306;91;8757538816;541954048
24/03/2017;19:02:03;-3.0932965;-60.0236306;91;8757538816;541954048
24/03/2017;19:02:08;-3.0932965;-60.0236306;91;8757538816;541954048
24/03/2017;19:02:13;-3.0932965;-60.0236306;91;8757538816;541954048
24/03/2017;19:02:18;-3.0932965;-60.0236306;91;8757538816;541954048
24/03/2017;19:02:23;-3.0932965;-60.0236306;91;8757538816;541954048
24/03/2017;19:02:28;-3.0932965;-60.0236306;91;8757538816;541954048
24/03/2017;19:02:33;-3.0932965;-60.0236306;91;8757534720;541954048
24/03/2017;19:02:38;-3.0932965;-60.0236306;91;8757538816;541954048
24/03/2017;19:02:43;-3.0932965;-60.0236306;91;8757538816;541954048
24/03/2017;19:02:48;-3.0932965;-60.0236306;91;8757538816;541954048
24/03/2017;19:02:53;-3.0932965;-60.0236306;91;8757538816;541954048
24/03/2017;19:02:58;-3.0932965;-60.0236306;91;8757538816;541954048
24/03/2017;19:03:03;-3.0932965;-60.0236306;91;8757538816;541954048
24/03/2017;19:03:08;-3.0932965;-60.0236306;91;8757538816;541954048
24/03/2017;19:03:13;-3.0932965;-60.0236306;91;8757534720;541954048
24/03/2017;19:03:18;-3.0932965;-60.0236306;91;8757538816;541954048
24/03/2017;19:03:23;-3.0932965;-60.0236306;91;8757538816;541954048
24/03/2017;19:03:28;-3.0932965;-60.0236306;91;8757538816;541954048
24/03/2017;19:03:33;-3.0932965;-60.0236306;90;8757538816;541954048
24/03/2017;19:03:38;-3.0932965;-60.0236306;90;8757538816;541954048
24/03/2017;19:03:43;-3.0932965;-60.0236306;90;8757538816;541954048
24/03/2017;19:03:48;-3.0932965;-60.0236306;90;8757538816;541954048
24/03/2017;19:03:53;-3.0932965;-60.0236306;90;8757538816;541954048
24/03/2017;19:03:58;-3.0932965;-60.0236306;90;8757538816;541954048
24/03/2017;19:04:03;-3.0932965;-60.0236306;90;8757538816;541954048
24/03/2017;19:04:08;-3.0932965;-60.0236306;90;8757538816;541954048
24/03/2017;19:04:13;-3.0932965;-60.0236306;90;8757538816;541954048
24/03/2017;19:04:18;-3.0932965;-60.0236306;90;8757534720;541954048
24/03/2017;19:04:23;-3.0932965;-60.0236306;90;8757534720;541954048
24/03/2017;19:04:29;-3.0932965;-60.0236306;90;8757530624;541954048
24/03/2017;19:04:34;-3.0932965;-60.0236306;90;8757530624;541954048
24/03/2017;19:04:39;-3.0932965;-60.0236306;90;8757530624;541954048
24/03/2017;19:04:44;-3.0932965;-60.0236306;90;8757530624;541954048
24/03/2017;19:04:49;-3.0932965;-60.0236306;90;8757530624;541954048
24/03/2017;19:04:54;-3.0932965;-60.0236306;90;8757530624;541954048
24/03/2017;19:04:59;-3.0932965;-60.0236306;90;8757530624;541954048
24/03/2017;19:05:04;-3.0932965;-60.0236306;90;8757530624;541954048
24/03/2017;19:05:09;-3.0932965;-60.0236306;90;8757530624;541954048
24/03/2017;19:05:14;-3.0932965;-60.0236306;90;8757530624;541954048
24/03/2017;19:05:19;-3.0932965;-60.0236306;90;8757530624;541954048
24/03/2017;19:05:24;-3.0932965;-60.0236306;90;8757530624;541954048
24/03/2017;19:05:29;-3.0932965;-60.0236306;90;8757530624;541954048
24/03/2017;19:05:34;-3.0932965;-60.0236306;90;8757530624;541954048
24/03/2017;19:05:39;-3.0932965;-60.0236306;90;8757530624;541954048
24/03/2017;19:05:44;-3.0932965;-60.0236306;90;8757530624;541954048
24/03/2017;19:05:49;-3.0932965;-60.0236306;90;8757526528;541954048
24/03/2017;19:05:54;-3.0928308;-60.0226043;90;8757530624;541954048
24/03/2017;19:05:59;-3.0928308;-60.0226043;90;8757530624;541954048
24/03/2017;19:06:04;-3.0928308;-60.0226043;90;8757530624;541954048
24/03/2017;19:06:09;-3.0928308;-60.0226043;90;8757530624;541954048
24/03/2017;19:06:14;-3.0928308;-60.0226043;90;8757530624;541954048
24/03/2017;19:06:19;-3.0928308;-60.0226043;90;8757530624;541954048
24/03/2017;19:06:24;-3.0928308;-60.0226043;90;8757530624;541954048
24/03/2017;19:06:29;-3.0928308;-60.0226043;90;8757530624;541954048
24/03/2017;19:06:34;-3.0928308;-60.0226043;90;8757522432;541954048
24/03/2017;19:06:39;-3.0928308;-60.0226043;90;8757522432;541954048
24/03/2017;19:06:44;-3.0928308;-60.0226043;90;8757526528;541954048
24/03/2017;19:06:49;-3.0928308;-60.0226043;90;8757526528;541954048
24/03/2017;19:06:54;-3.0928308;-60.0226043;90;8757526528;541954048
24/03/2017;19:06:59;-3.0928308;-60.0226043;90;8757526528;541954048
24/03/2017;19:07:04;-3.0928308;-60.0226043;90;8757526528;541954048
24/03/2017;19:07:09;-3.0928308;-60.0226043;90;8757526528;541954048
24/03/2017;19:07:14;-3.0928308;-60.0226043;90;8757526528;541954048
24/03/2017;19:07:19;-3.0928308;-60.0226043;90;8757526528;541954048
24/03/2017;19:07:24;-3.0928308;-60.0226043;90;8757526528;541954048
24/03/2017;19:07:29;-3.0928308;-60.0226043;90;8757526528;541954048
24/03/2017;19:07:34;-3.0928308;-60.0226043;90;8757526528;541954048
24/03/2017;19:07:39;-3.0928308;-60.0226043;90;8757526528;541954048
24/03/2017;19:07:44;-3.0928308;-60.0226043;90;8757526528;541954048
24/03/2017;19:07:50;-3.0928308;-60.0226043;90;8757522432;541954048
24/03/2017;19:07:55;-3.0928308;-60.0226043;90;8757522432;541954048
24/03/2017;19:08:00;-3.0928308;-60.0226043;90;8757522432;541954048
24/03/2017;19:08:05;-3.0928308;-60.0226043;90;8757522432;541954048
24/03/2017;19:08:10;-3.0928308;-60.0226043;90;8757522432;541954048
24/03/2017;19:08:15;-3.0928308;-60.0226043;90;8757522432;541954048
24/03/2017;19:08:20;-3.0928308;-60.0226043;90;8757522432;541954048
24/03/2017;19:08:25;-3.0928308;-60.0226043;90;8757522432;541954048
24/03/2017;19:08:30;-3.0928308;-60.0226043;90;8757522432;541954048
24/03/2017;19:08:35;-3.0928308;-60.0226043;90;8757522432;541954048
24/03/2017;19:08:40;-3.0928308;-60.0226043;90;8757522432;541954048
24/03/2017;19:08:45;-3.0928308;-60.0226043;90;8757522432;541954048
24/03/2017;19:08:50;-3.0928308;-60.0226043;90;8757522432;541954048
24/03/2017;19:08:55;-3.0928308;-60.0226043;90;8757522432;541954048
24/03/2017;19:09:00;-3.0928308;-60.0226043;90;8757522432;541954048
24/03/2017;19:09:05;-3.0928308;-60.0226043;90;8757522432;541954048
24/03/2017;19:09:10;-3.0928308;-60.0226043;90;8757522432;541954048
24/03/2017;19:09:15;-3.0928308;-60.0226043;90;8757522432;541954048
24/03/2017;19:09:20;-3.0928308;-60.0226043;90;8757522432;541954048
24/03/2017;19:09:25;-3.0928308;-60.0226043;90;8757522432;541954048
24/03/2017;19:09:30;-3.0928308;-60.0226043;90;8757522432;541954048
24/03/2017;19:09:35;-3.0928308;-60.0226043;90;8757518336;541954048
24/03/2017;19:09:40;-3.0928308;-60.0226043;90;8757518336;541954048
24/03/2017;19:09:45;-3.0928308;-60.0226043;90;8757518336;541954048
24/03/2017;19:09:50;-3.0928308;-60.0226043;90;8757518336;541954048
24/03/2017;19:09:55;-3.0928308;-60.0226043;90;8757518336;541954048
24/03/2017;19:10:00;-3.0928308;-60.0226043;90;8757518336;541954048
24/03/2017;19:10:05;-3.0928308;-60.0226043;90;8757518336;541954048
24/03/2017;19:10:10;-3.0928308;-60.0226043;90;8757514240;541954048
24/03/2017;19:10:15;-3.0928308;-60.0226043;90;8757518336;541954048
24/03/2017;19:10:20;-3.0928308;-60.0226043;90;8757518336;541954048
24/03/2017;19:10:25;-3.0928308;-60.0226043;90;8757518336;541954048
24/03/2017;19:10:30;-3.0928308;-60.0226043;90;8757518336;541954048
24/03/2017;19:10:35;-3.0928308;-60.0226043;90;8757510144;541954048
24/03/2017;19:10:40;-3.0928308;-60.0226043;90;8757522432;541954048
24/03/2017;19:10:45;-3.0928308;-60.0226043;90;8757522432;541954048
24/03/2017;19:10:50;-3.0928308;-60.0226043;90;8757522432;541954048
24/03/2017;19:10:55;-3.0928308;-60.0226043;90;8757522432;541954048
24/03/2017;19:11:00;-3.0928308;-60.0226043;90;8757522432;541954048
24/03/2017;19:11:05;-3.0928308;-60.0226043;90;8757510144;541954048
24/03/2017;19:11:10;-3.0928308;-60.0226043;90;8757518336;541954048
24/03/2017;19:11:16;-3.0928308;-60.0226043;90;8757518336;541954048
24/03/2017;19:11:21;-3.0928308;-60.0226043;90;8757518336;541954048
24/03/2017;19:11:26;-3.0928308;-60.0226043;90;8757497856;541954048
24/03/2017;19:11:31;-3.0928308;-60.0226043;90;8757501952;541954048
24/03/2017;19:11:36;-3.0928308;-60.0226043;89;8757501952;541954048
24/03/2017;19:11:41;-3.0928308;-60.0226043;89;8757501952;541954048
24/03/2017;19:11:46;-3.0928308;-60.0226043;89;8757501952;541954048
24/03/2017;19:11:51;-3.0928308;-60.0226043;89;8757501952;541954048
24/03/2017;19:11:56;-3.0928308;-60.0226043;89;8757501952;541954048
24/03/2017;19:12:01;-3.0928308;-60.0226043;89;8757501952;541954048
24/03/2017;19:12:06;-3.0928308;-60.0226043;89;8757501952;541954048
24/03/2017;19:12:11;-3.0928308;-60.0226043;89;8757501952;541954048
24/03/2017;19:12:16;-3.0928308;-60.0226043;89;8757501952;541954048
24/03/2017;19:12:21;-3.0928308;-60.0226043;89;8757501952;541954048
24/03/2017;19:12:26;-3.0928308;-60.0226043;89;8757501952;541954048
24/03/2017;19:12:31;-3.0928308;-60.0226043;89;8757501952;541954048
24/03/2017;19:12:36;-3.0928308;-60.0226043;89;8757501952;541954048
24/03/2017;19:12:41;-3.0928308;-60.0226043;89;8757501952;541954048
24/03/2017;19:12:46;-3.0928308;-60.0226043;89;8757497856;541954048
24/03/2017;19:12:51;-3.0928308;-60.0226043;89;8757501952;541954048
24/03/2017;19:12:56;-3.0928308;-60.0226043;89;8757501952;541954048
24/03/2017;19:13:01;-3.0928308;-60.0226043;89;8757501952;541954048
24/03/2017;19:13:06;-3.0928308;-60.0226043;89;8757501952;541954048
24/03/2017;19:13:11;-3.0928308;-60.0226043;89;8757501952;541954048
24/03/2017;19:13:16;-3.0928308;-60.0226043;89;8757497856;541954048
24/03/2017;19:13:21;-3.0928308;-60.0226043;89;8757497856;541954048
24/03/2017;19:13:26;-3.0928308;-60.0226043;89;8757497856;541954048
24/03/2017;19:13:32;-3.0928308;-60.0226043;89;8757497856;541954048
24/03/2017;19:13:37;-3.0928308;-60.0226043;89;8757497856;541954048
24/03/2017;19:13:42;-3.0928308;-60.0226043;89;8757497856;541954048
24/03/2017;19:13:47;-3.0928308;-60.0226043;89;8757497856;541954048
24/03/2017;19:13:52;-3.0928308;-60.0226043;89;8757497856;541954048
24/03/2017;19:13:57;-3.0928308;-60.0226043;89;8757497856;541954048
24/03/2017;19:14:02;-3.0928308;-60.0226043;89;8757497856;541954048
24/03/2017;19:14:07;-3.0928308;-60.0226043;89;8757497856;541954048
24/03/2017;19:14:12;-3.0928308;-60.0226043;89;8757497856;541954048
24/03/2017;19:14:17;-3.0928308;-60.0226043;89;8757497856;541954048
24/03/2017;19:14:22;-3.0928308;-60.0226043;89;8757497856;541954048
24/03/2017;19:14:27;-3.0928308;-60.0226043;89;8757497856;541954048
24/03/2017;19:14:32;-3.0928308;-60.0226043;89;8757497856;541954048
24/03/2017;19:14:37;-3.0928308;-60.0226043;89;8757497856;541954048
24/03/2017;19:14:42;-3.0928308;-60.0226043;89;8757493760;541954048
24/03/2017;19:14:47;-3.0928308;-60.0226043;89;8757493760;541954048
24/03/2017;19:14:52;-3.0928308;-60.0226043;89;8757493760;541954048
24/03/2017;19:14:57;-3.0928308;-60.0226043;89;8757493760;541954048
24/03/2017;19:15:02;-3.0928308;-60.0226043;89;8757489664;541954048
24/03/2017;19:15:07;-3.0928308;-60.0226043;89;8757489664;541954048
24/03/2017;19:15:12;-3.0928308;-60.0226043;89;8757485568;541954048
24/03/2017;19:15:17;-3.0928308;-60.0226043;89;8757489664;541954048
24/03/2017;19:15:22;-3.0928308;-60.0226043;89;8757481472;541954048
24/03/2017;19:15:27;-3.0928308;-60.0226043;89;8757477376;541954048
24/03/2017;19:15:32;-3.0928308;-60.0226043;89;8757477376;541954048
24/03/2017;19:15:37;-3.0928308;-60.0226043;89;8757477376;541954048
24/03/2017;19:15:42;-3.0928308;-60.0226043;89;8757477376;541954048
24/03/2017;19:15:47;-3.0928308;-60.0226043;89;8757477376;541954048
24/03/2017;19:15:52;-3.0928308;-60.0226043;89;8757477376;541954048
24/03/2017;19:15:58;-3.0928308;-60.0226043;89;8757477376;541954048
24/03/2017;19:16:03;-3.0928308;-60.0226043;89;8757477376;541954048
24/03/2017;19:16:08;-3.0928308;-60.0226043;89;8757473280;541954048
24/03/2017;19:16:13;-3.0928308;-60.0226043;89;8757473280;541954048
24/03/2017;19:16:18;-3.0928308;-60.0226043;89;8757473280;541954048
24/03/2017;19:16:23;-3.0928308;-60.0226043;89;8757473280;541954048
24/03/2017;19:16:28;-3.0928308;-60.0226043;89;8757473280;541954048
24/03/2017;19:16:33;-3.0928308;-60.0226043;89;8757473280;541954048
24/03/2017;19:16:38;-3.0928308;-60.0226043;89;8757473280;541954048
24/03/2017;19:16:43;-3.0928308;-60.0226043;88;8757473280;541954048
24/03/2017;19:16:48;-3.0928308;-60.0226043;88;8757473280;541954048
24/03/2017;19:16:53;-3.0928308;-60.0226043;88;8757469184;541954048
24/03/2017;19:16:58;-3.0928308;-60.0226043;88;8757469184;541954048
24/03/2017;19:17:03;-3.0928308;-60.0226043;88;8757465088;541954048
24/03/2017;19:17:08;-3.0928308;-60.0226043;88;8757465088;541954048
24/03/2017;19:17:13;-3.0928308;-60.0226043;88;8757465088;541954048
24/03/2017;19:17:18;-3.0928308;-60.0226043;88;8757465088;541954048
24/03/2017;19:17:23;-3.0928308;-60.0226043;88;8757465088;541954048
24/03/2017;19:17:29;-3.0928308;-60.0226043;88;8757465088;541954048
24/03/2017;19:17:34;-3.0928308;-60.0226043;88;8757465088;541954048
24/03/2017;19:17:39;-3.0928308;-60.0226043;88;8757465088;541954048
24/03/2017;19:17:44;-3.0928308;-60.0226043;88;8757465088;541954048
24/03/2017;19:17:49;-3.0928308;-60.0226043;88;8757465088;541954048
24/03/2017;19:17:54;-3.0928308;-60.0226043;88;8757465088;541954048
24/03/2017;19:17:59;-3.0928308;-60.0226043;88;8757465088;541954048
24/03/2017;19:18:04;-3.0928308;-60.0226043;88;8757465088;541954048
24/03/2017;19:18:09;-3.0928308;-60.0226043;88;8757465088;541954048
24/03/2017;19:18:14;-3.0928308;-60.0226043;88;8757465088;541954048
24/03/2017;19:18:19;-3.0928308;-60.0226043;88;8757460992;541954048
24/03/2017;19:18:24;-3.0928308;-60.0226043;88;8757460992;541954048
24/03/2017;19:18:29;-3.0928308;-60.0226043;88;8757460992;541954048
24/03/2017;19:18:34;-3.0928308;-60.0226043;88;8757460992;541954048
24/03/2017;19:18:39;-3.0928308;-60.0226043;88;8757460992;541954048
24/03/2017;19:18:44;-3.0928308;-60.0226043;88;8757460992;541954048
24/03/2017;19:18:49;-3.0928308;-60.0226043;88;8757460992;541954048
24/03/2017;19:18:54;-3.0928308;-60.0226043;88;8757460992;541954048
24/03/2017;19:18:59;-3.0928308;-60.0226043;88;8757460992;541954048
24/03/2017;19:19:04;-3.0928308;-60.0226043;88;8757448704;541954048
24/03/2017;19:19:09;-3.0928308;-60.0226043;88;8757456896;541954048
24/03/2017;19:19:14;-3.0928308;-60.0226043;88;8757456896;541954048
24/03/2017;19:19:19;-3.0928308;-60.0226043;88;8757456896;541954048
24/03/2017;19:19:25;-3.0928308;-60.0226043;88;8757456896;541954048
24/03/2017;19:19:30;-3.0928308;-60.0226043;88;8757456896;541954048
24/03/2017;19:19:35;-3.0928308;-60.0226043;88;8757456896;541954048
24/03/2017;19:19:40;-3.0928308;-60.0226043;88;8757456896;541954048
24/03/2017;19:19:45;-3.0928308;-60.0226043;88;8757456896;541954048
24/03/2017;19:19:50;-3.0928308;-60.0226043;88;8757456896;541954048
24/03/2017;19:19:55;-3.0928308;-60.0226043;88;8757448704;541954048
24/03/2017;19:20:00;-3.0928308;-60.0226043;88;8757448704;541954048
24/03/2017;19:20:05;-3.0928308;-60.0226043;88;8757448704;541954048
24/03/2017;19:20:10;-3.0928308;-60.0226043;88;8757448704;541954048
24/03/2017;19:20:15;-3.0928308;-60.0226043;88;8757448704;541954048
24/03/2017;19:20:20;-3.0928308;-60.0226043;88;8757448704;541954048
24/03/2017;19:20:25;-3.0928308;-60.0226043;88;8757448704;541954048
24/03/2017;19:20:30;-3.0928308;-60.0226043;88;8757452800;541954048
24/03/2017;19:20:35;-3.0928308;-60.0226043;88;8757452800;541954048
24/03/2017;19:20:40;-3.0928308;-60.0226043;88;8757452800;541954048
24/03/2017;19:20:46;-3.0928308;-60.0226043;88;8757452800;541954048
24/03/2017;19:20:51;-3.0928308;-60.0226043;88;8757452800;541954048
24/03/2017;19:20:56;-3.0928308;-60.0226043;88;8757452800;541954048
24/03/2017;19:21:01;-3.0928308;-60.0226043;88;8757448704;541954048
24/03/2017;19:21:06;-3.0928308;-60.0226043;88;8757452800;541954048
24/03/2017;19:21:11;-3.0923528;-60.0138424;88;8757452800;541954048
24/03/2017;19:21:16;-3.0923528;-60.0138424;88;8757452800;541954048
24/03/2017;19:21:21;-3.0923528;-60.0138424;88;8757452800;541954048
24/03/2017;19:21:26;-3.0923528;-60.0138424;88;8757452800;541954048
24/03/2017;19:21:31;-3.0923528;-60.0138424;88;8757452800;541954048
24/03/2017;19:21:36;-3.0923528;-60.0138424;88;8757452800;541954048
24/03/2017;19:21:41;-3.0923528;-60.0138424;88;8757452800;541954048
24/03/2017;19:21:46;-3.0923528;-60.0138424;88;8757452800;541954048
24/03/2017;19:21:51;-3.0923528;-60.0138424;88;8757452800;541954048
24/03/2017;19:21:56;-3.0923528;-60.0138424;88;8757452800;541954048
24/03/2017;19:22:01;-3.0923528;-60.0138424;88;8757452800;541954048
24/03/2017;19:22:06;-3.0923528;-60.0138424;88;8757452800;541954048
24/03/2017;19:22:11;-3.0923528;-60.0138424;88;8757452800;541954048
24/03/2017;19:22:16;-3.0923528;-60.0138424;88;8757452800;541954048
24/03/2017;19:22:21;-3.0923528;-60.0138424;88;8757452800;541954048
24/03/2017;19:22:26;-3.0923528;-60.0138424;88;8757452800;541954048
24/03/2017;19:22:31;-3.0923528;-60.0138424;88;8757452800;541954048
24/03/2017;19:22:36;-3.0923528;-60.0138424;88;8757448704;541954048
24/03/2017;19:22:41;-3.0923528;-60.0138424;88;8757448704;541954048
24/03/2017;19:22:46;-3.0923528;-60.0138424;88;8757448704;541954048
24/03/2017;19:22:51;-3.0923528;-60.0138424;87;8757448704;541954048
24/03/2017;19:22:56;-3.0923528;-60.0138424;87;8757448704;541954048
24/03/2017;19:23:02;-3.0923528;-60.0138424;87;8757448704;541954048
24/03/2017;19:23:07;-3.0923528;-60.0138424;87;8757448704;541954048
24/03/2017;19:23:12;-3.0923528;-60.0138424;87;8757448704;541954048
24/03/2017;19:23:17;-3.0923528;-60.0138424;87;8757448704;541954048
24/03/2017;19:23:22;-3.0923528;-60.0138424;87;8757444608;541954048
24/03/2017;19:23:27;-3.0923528;-60.0138424;87;8757444608;541954048
24/03/2017;19:23:32;-3.0923528;-60.0138424;87;8757448704;541954048
24/03/2017;19:23:37;-3.0923528;-60.0138424;87;8757448704;541954048
24/03/2017;19:23:42;-3.0923528;-60.0138424;87;8757448704;541954048
24/03/2017;19:23:47;-3.0923528;-60.0138424;87;8757448704;541954048
24/03/2017;19:23:52;-3.0923528;-60.0138424;87;8757448704;541954048
24/03/2017;19:23:57;-3.0923528;-60.0138424;87;8757448704;541954048
24/03/2017;19:24:02;-3.0923528;-60.0138424;87;8757448704;541954048
24/03/2017;19:24:07;-3.0923528;-60.0138424;87;8757448704;541954048
24/03/2017;19:24:12;-3.0923528;-60.0138424;87;8757448704;541954048
24/03/2017;19:24:17;-3.0923528;-60.0138424;87;8757448704;541954048
24/03/2017;19:24:22;-3.0923528;-60.0138424;87;8757448704;541954048
24/03/2017;19:24:27;-3.0923528;-60.0138424;87;8757448704;541954048
24/03/2017;19:24:33;-3.0923528;-60.0138424;87;8757448704;541954048
24/03/2017;19:24:38;-3.0923528;-60.0138424;87;8757448704;541954048
24/03/2017;19:24:43;-3.0923528;-60.0138424;87;8757448704;541954048
24/03/2017;19:24:48;-3.0923528;-60.0138424;87;8757448704;541954048
24/03/2017;19:24:53;-3.0923528;-60.0138424;87;8757448704;541954048
24/03/2017;19:24:58;-3.0923528;-60.0138424;87;8757448704;541954048
24/03/2017;19:25:03;-3.0923528;-60.0138424;87;8757444608;541954048
24/03/2017;19:25:08;-3.0923528;-60.0138424;87;8757444608;541954048
24/03/2017;19:25:13;-3.0923528;-60.0138424;87;8757444608;541954048
24/03/2017;19:25:18;-3.0923528;-60.0138424;87;8757444608;541954048
24/03/2017;19:25:23;-3.0923528;-60.0138424;87;8757444608;541954048
24/03/2017;19:25:28;-3.0923528;-60.0138424;87;8757444608;541954048
24/03/2017;19:25:33;-3.0923528;-60.0138424;87;8757444608;541954048
24/03/2017;19:25:38;-3.0923528;-60.0138424;87;8757444608;541954048
24/03/2017;19:25:43;-3.0923528;-60.0138424;87;8757444608;541954048
24/03/2017;19:25:48;-3.0923528;-60.0138424;87;8757469184;541954048
24/03/2017;19:25:53;-3.0923528;-60.0138424;87;8757473280;541954048
24/03/2017;19:25:58;-3.0923528;-60.0138424;87;8757473280;541954048
24/03/2017;19:26:03;-3.0923528;-60.0138424;87;8757473280;541954048
24/03/2017;19:26:08;-3.0923528;-60.0138424;87;8757473280;541954048
24/03/2017;19:26:13;-3.0923528;-60.0138424;87;8757473280;541954048
24/03/2017;19:26:19;-3.0923528;-60.0138424;87;8757473280;541954048
24/03/2017;19:26:24;-3.0923528;-60.0138424;87;8757473280;541954048
24/03/2017;19:26:29;-3.0923528;-60.0138424;87;8757473280;541954048
24/03/2017;19:26:34;-3.0923528;-60.0138424;87;8757473280;541954048
24/03/2017;19:26:39;-3.0923528;-60.0138424;87;8757473280;541954048
24/03/2017;19:26:44;-3.0923528;-60.0138424;87;8757460992;541954048
24/03/2017;19:26:49;-3.0923528;-60.0138424;87;8757469184;541954048
24/03/2017;19:26:54;-3.0923528;-60.0138424;87;8757469184;541954048
24/03/2017;19:26:59;-3.0923528;-60.0138424;87;8757469184;541954048
24/03/2017;19:27:04;-3.0923528;-60.0138424;87;8757469184;541954048
24/03/2017;19:27:09;-3.0923528;-60.0138424;87;8757469184;541954048
24/03/2017;19:27:14;-3.0923528;-60.0138424;87;8757469184;541954048
24/03/2017;19:27:19;-3.0923528;-60.0138424;87;8757469184;541954048
24/03/2017;19:27:24;-3.0923528;-60.0138424;87;8757469184;541954048
24/03/2017;19:27:29;-3.0923528;-60.0138424;87;8757465088;541954048
24/03/2017;19:27:34;-3.0923528;-60.0138424;87;8757469184;541954048
24/03/2017;19:27:39;-3.0923528;-60.0138424;87;8757469184;541954048
24/03/2017;19:27:44;-3.0923528;-60.0138424;87;8757469184;541954048
24/03/2017;19:27:50;-3.0923528;-60.0138424;87;8757469184;541954048
24/03/2017;19:27:55;-3.0923528;-60.0138424;87;8757469184;541954048
24/03/2017;19:28:00;-3.0923528;-60.0138424;87;8757469184;541954048
24/03/2017;19:28:05;-3.0923528;-60.0138424;87;8757469184;541954048
24/03/2017;19:28:10;-3.0923528;-60.0138424;87;8757469184;541954048
24/03/2017;19:28:15;-3.0923528;-60.0138424;87;8757469184;541954048
24/03/2017;19:28:20;-3.0923528;-60.0138424;87;8757469184;541954048
24/03/2017;19:28:25;-3.0923528;-60.0138424;87;8757469184;541954048
24/03/2017;19:28:30;-3.0923528;-60.0138424;87;8757469184;541954048
24/03/2017;19:28:35;-3.0923528;-60.0138424;87;8757469184;541954048
24/03/2017;19:28:40;-3.0923528;-60.0138424;87;8757469184;541954048
24/03/2017;19:28:45;-3.0923528;-60.0138424;87;8757469184;541954048
24/03/2017;19:28:50;-3.0923528;-60.0138424;87;8757469184;541954048
24/03/2017;19:28:55;-3.0923528;-60.0138424;87;8757469184;541954048
24/03/2017;19:29:00;-3.0923528;-60.0138424;87;8757469184;541954048
24/03/2017;19:29:05;-3.0923528;-60.0138424;87;8757469184;541954048
24/03/2017;19:29:10;-3.0923528;-60.0138424;87;8757469184;541954048
24/03/2017;19:29:16;-3.0923528;-60.0138424;87;8757469184;541954048
24/03/2017;19:29:21;-3.0923528;-60.0138424;87;8757469184;541954048
24/03/2017;19:29:26;-3.0923528;-60.0138424;87;8757469184;541954048
24/03/2017;19:29:31;-3.0923528;-60.0138424;87;8757469184;541954048
24/03/2017;19:29:36;-3.0923528;-60.0138424;87;8757469184;541954048
24/03/2017;19:29:41;-3.0923528;-60.0138424;87;8757469184;541954048
24/03/2017;19:29:46;-3.0923528;-60.0138424;87;8757469184;541954048
24/03/2017;19:29:51;-3.0923528;-60.0138424;87;8757469184;541954048
24/03/2017;19:29:56;-3.0923528;-60.0138424;87;8757469184;541954048
24/03/2017;19:30:01;-3.0923528;-60.0138424;87;8757469184;541954048
24/03/2017;19:30:06;-3.0923528;-60.0138424;86;8757469184;541954048
24/03/2017;19:30:11;-3.0923528;-60.0138424;86;8757465088;541954048
24/03/2017;19:30:16;-3.0923528;-60.0138424;86;8757465088;541954048
24/03/2017;19:30:21;-3.0923528;-60.0138424;86;8757465088;541954048
24/03/2017;19:30:26;-3.0923528;-60.0138424;86;8757465088;541954048
24/03/2017;19:30:31;-3.0923528;-60.0138424;86;8757465088;541954048
24/03/2017;19:30:36;-3.0923528;-60.0138424;86;8757465088;541954048
24/03/2017;19:30:41;-3.0923528;-60.0138424;86;8757465088;541954048
24/03/2017;19:30:46;-3.0923528;-60.0138424;86;8757465088;541954048
24/03/2017;19:30:51;-3.0923528;-60.0138424;86;8757465088;541954048
24/03/2017;19:30:56;-3.0923528;-60.0138424;86;8757465088;541954048
24/03/2017;19:31:01;-3.0923528;-60.0138424;86;8757465088;541954048
24/03/2017;19:31:07;-3.0923528;-60.0138424;86;8757465088;541954048
24/03/2017;19:31:12;-3.0923528;-60.0138424;86;8757465088;541954048
24/03/2017;19:31:17;-3.0923528;-60.0138424;86;8757465088;541954048
24/03/2017;19:31:22;-3.0923528;-60.0138424;86;8757465088;541954048
24/03/2017;19:31:27;-3.0923528;-60.0138424;86;8757460992;541954048
24/03/2017;19:31:32;-3.0923528;-60.0138424;86;8757460992;541954048
24/03/2017;19:31:37;-3.0923528;-60.0138424;86;8757460992;541954048
24/03/2017;19:31:42;-3.0923528;-60.0138424;86;8757460992;541954048
24/03/2017;19:31:47;-3.0923528;-60.0138424;86;8757460992;541954048
24/03/2017;19:31:52;-3.0923528;-60.0138424;86;8757460992;541954048
24/03/2017;19:31:57;-3.0923528;-60.0138424;86;8757460992;541954048
24/03/2017;19:32:02;-3.0923528;-60.0138424;86;8757460992;541954048
24/03/2017;19:32:07;-3.0923528;-60.0138424;86;8757460992;541954048
24/03/2017;19:32:12;-3.0923528;-60.0138424;86;8757460992;541954048
24/03/2017;19:32:17;-3.0923528;-60.0138424;86;8757460992;541954048
24/03/2017;19:32:22;-3.0923528;-60.0138424;86;8757460992;541954048
24/03/2017;19:32:27;-3.0923528;-60.0138424;86;8757460992;541954048
24/03/2017;19:32:32;-3.0923528;-60.0138424;86;8757460992;541954048
24/03/2017;19:32:37;-3.0923528;-60.0138424;86;8757460992;541954048
24/03/2017;19:32:43;-3.0923528;-60.0138424;86;8757460992;541954048
24/03/2017;19:32:48;-3.0923528;-60.0138424;86;8757460992;541954048
24/03/2017;19:32:53;-3.0923528;-60.0138424;86;8757460992;541954048
24/03/2017;19:32:58;-3.0923528;-60.0138424;86;8757460992;541954048
24/03/2017;19:33:03;-3.0923528;-60.0138424;86;8757460992;541954048
24/03/2017;19:33:08;-3.0923528;-60.0138424;86;8757460992;541954048
24/03/2017;19:33:13;-3.0923528;-60.0138424;86;8757460992;541954048
24/03/2017;19:33:18;-3.0923528;-60.0138424;86;8757460992;541954048
24/03/2017;19:33:23;-3.0923528;-60.0138424;86;8757460992;541954048
24/03/2017;19:33:28;-3.0923528;-60.0138424;86;8757460992;541954048
24/03/2017;19:33:33;-3.0923528;-60.0138424;86;8757456896;541954048
24/03/2017;19:33:38;-3.0923528;-60.0138424;86;8757456896;541954048
24/03/2017;19:33:43;-3.0923528;-60.0138424;86;8757456896;541954048
24/03/2017;19:33:48;-3.0923528;-60.0138424;86;8757456896;541954048
24/03/2017;19:33:53;-3.0923528;-60.0138424;86;8757456896;541954048
24/03/2017;19:33:58;-3.0923528;-60.0138424;86;8757456896;541954048
24/03/2017;19:34:03;-3.0923528;-60.0138424;86;8757456896;541954048
24/03/2017;19:34:08;-3.0923528;-60.0138424;86;8757456896;541954048
24/03/2017;19:34:13;-3.0923528;-60.0138424;86;8757456896;541954048
24/03/2017;19:34:18;-3.0923528;-60.0138424;86;8757456896;541954048
24/03/2017;19:34:23;-3.0923528;-60.0138424;86;8757456896;541954048
24/03/2017;19:34:28;-3.0923528;-60.0138424;86;8757456896;541954048
24/03/2017;19:34:33;-3.0923528;-60.0138424;86;8757456896;541954048
24/03/2017;19:34:38;-3.0923528;-60.0138424;86;8757456896;541954048
24/03/2017;19:34:43;-3.0923528;-60.0138424;86;8757456896;541954048
24/03/2017;19:34:48;-3.0923528;-60.0138424;86;8757456896;541954048
24/03/2017;19:34:53;-3.0923528;-60.0138424;86;8757456896;541954048
24/03/2017;19:34:58;-3.0923528;-60.0138424;86;8757456896;541954048
24/03/2017;19:35:03;-3.0923528;-60.0138424;86;8757456896;541954048
24/03/2017;19:35:08;-3.0923528;-60.0138424;86;8757456896;541954048
24/03/2017;19:35:13;-3.0923528;-60.0138424;86;8757456896;541954048
24/03/2017;19:35:19;-3.0923528;-60.0138424;86;8757452800;541954048
24/03/2017;19:35:24;-3.0923528;-60.0138424;86;8757452800;541954048
24/03/2017;19:35:29;-3.0923528;-60.0138424;86;8757452800;541954048
24/03/2017;19:35:34;-3.0923528;-60.0138424;86;8757452800;541954048
24/03/2017;19:35:39;-3.0923528;-60.0138424;86;8757452800;541954048
24/03/2017;19:35:44;-3.0923528;-60.0138424;86;8757452800;541954048
24/03/2017;19:35:49;-3.0923528;-60.0138424;86;8757452800;541954048
24/03/2017;19:35:54;-3.0923528;-60.0138424;86;8757452800;541954048
24/03/2017;19:35:59;-3.0923528;-60.0138424;86;8757452800;541954048
24/03/2017;19:36:04;-3.0923528;-60.0138424;86;8757452800;541954048
24/03/2017;19:36:09;-3.0923528;-60.0138424;86;8757452800;541954048
24/03/2017;19:36:14;-3.0923528;-60.0138424;86;8757440512;541954048
24/03/2017;19:36:19;-3.0923528;-60.0138424;86;8757448704;541954048
24/03/2017;19:36:24;-3.0746674;-59.968371;86;8757448704;541954048
24/03/2017;19:36:29;-3.0746674;-59.968371;86;8757448704;541954048
24/03/2017;19:36:34;-3.0746674;-59.968371;86;8757448704;541954048
24/03/2017;19:36:39;-3.0746674;-59.968371;86;8757448704;541954048
24/03/2017;19:36:44;-3.0746674;-59.968371;86;8757448704;541954048
24/03/2017;19:36:49;-3.0746674;-59.968371;86;8757448704;541954048
24/03/2017;19:36:54;-3.0746674;-59.968371;86;8757448704;541954048
24/03/2017;19:36:59;-3.0746674;-59.968371;86;8757448704;541954048
24/03/2017;19:37:04;-3.0746674;-59.968371;86;8757448704;541954048
24/03/2017;19:37:09;-3.0746674;-59.968371;86;8757448704;541954048
24/03/2017;19:37:15;-3.0746674;-59.968371;85;8757448704;541954048
24/03/2017;19:37:20;-3.0746674;-59.968371;85;8757448704;541954048
24/03/2017;19:37:25;-3.0746674;-59.968371;85;8757448704;541954048
24/03/2017;19:37:30;-3.0746674;-59.968371;85;8757448704;541954048
24/03/2017;19:37:35;-3.0746674;-59.968371;85;8757448704;541954048
24/03/2017;19:37:40;-3.0746674;-59.968371;85;8757448704;541954048
24/03/2017;19:37:45;-3.0746674;-59.968371;85;8757448704;541954048
24/03/2017;19:37:50;-3.0746674;-59.968371;85;8757317632;541954048
24/03/2017;19:37:55;-3.0746674;-59.968371;85;8757305344;541954048
24/03/2017;19:38:00;-3.0746674;-59.968371;85;8757309440;541954048
24/03/2017;19:38:05;-3.0746674;-59.968371;85;8757309440;541954048
24/03/2017;19:38:10;-3.0746674;-59.968371;85;8757313536;541954048
24/03/2017;19:38:15;-3.0746674;-59.968371;85;8757313536;541954048
24/03/2017;19:38:20;-3.0746674;-59.968371;85;8757313536;541954048
24/03/2017;19:38:25;-3.0746674;-59.968371;85;8757313536;541954048
24/03/2017;19:38:30;-3.0746674;-59.968371;85;8757313536;541954048
24/03/2017;19:38:35;-3.0746674;-59.968371;85;8757313536;541954048
24/03/2017;19:38:40;-3.0746674;-59.968371;85;8757313536;541954048
24/03/2017;19:38:45;-3.0746674;-59.968371;85;8757313536;541954048
24/03/2017;19:38:50;-3.0746674;-59.968371;85;8757313536;541954048
24/03/2017;19:38:55;-3.0746674;-59.968371;85;8757313536;541954048
24/03/2017;19:39:01;-3.0746674;-59.968371;85;8757313536;541954048
24/03/2017;19:39:06;-3.0746674;-59.968371;85;8757313536;541954048
24/03/2017;19:39:11;-3.0746674;-59.968371;85;8757313536;541954048
24/03/2017;19:39:16;-3.0746674;-59.968371;85;8757313536;541954048
24/03/2017;19:39:21;-3.0746674;-59.968371;85;8757313536;541954048
24/03/2017;19:39:26;-3.0746674;-59.968371;85;8757313536;541954048
24/03/2017;19:39:31;-3.0746674;-59.968371;85;8757313536;541954048
24/03/2017;19:39:36;-3.0746674;-59.968371;85;8757313536;541954048
24/03/2017;19:39:41;-3.0746674;-59.968371;85;8757313536;541954048
24/03/2017;19:39:46;-3.0746674;-59.968371;85;8757313536;541954048
24/03/2017;19:39:51;-3.0746674;-59.968371;85;8757309440;541954048
24/03/2017;19:39:56;-3.0746674;-59.968371;85;8757317632;541954048
24/03/2017;19:40:01;-3.0746674;-59.968371;85;8757317632;541954048
24/03/2017;19:40:06;-3.0746674;-59.968371;85;8757317632;541954048
24/03/2017;19:40:11;-3.0746674;-59.968371;85;8757317632;541954048
24/03/2017;19:40:16;-3.0746674;-59.968371;85;8757317632;541954048
24/03/2017;19:40:21;-3.0746674;-59.968371;85;8757317632;541954048
24/03/2017;19:40:26;-3.0746674;-59.968371;85;8757317632;541954048
24/03/2017;19:40:31;-3.0746674;-59.968371;85;8757313536;541954048
24/03/2017;19:40:36;-3.0746674;-59.968371;85;8757313536;541954048
24/03/2017;19:40:41;-3.0746674;-59.968371;85;8757313536;541954048
24/03/2017;19:40:46;-3.0746674;-59.968371;85;8757313536;541954048
24/03/2017;19:40:51;-3.0746674;-59.968371;85;8757313536;541954048
24/03/2017;19:40:56;-3.0746674;-59.968371;85;8757301248;541954048
24/03/2017;19:41:01;-3.0746674;-59.968371;85;8757309440;541954048
24/03/2017;19:41:07;-3.0746674;-59.968371;85;8757297152;541954048
24/03/2017;19:41:12;-3.0746674;-59.968371;85;8757276672;541954048
24/03/2017;19:41:17;-3.0746674;-59.968371;85;8757284864;541954048