
31/03/2017;14:26:53;-3.0790456;-59.963766;95;8198156288;541167616
31/03/2017;14:26:58;-3.07929105;-59.96355031;95;8198127616;541167616
31/03/2017;14:27:04;-3.07935224;-59.96325867;95;8198139904;541167616
31/03/2017;14:27:09;-3.0790456;-59.963766;95;8198127616;541167616
31/03/2017;14:27:14;-3.07856008;-59.96311811;95;8198107136;541167616
31/03/2017;14:27:19;-3.0786178;-59.9632243;95;8198103040;541167616
31/03/2017;14:27:24;-3.07701584;-59.9628462;95;8198103040;541167616
31/03/2017;14:27:29;-3.0785465;-59.963134;95;8198103040;541167616
31/03/2017;14:27:34;-3.07591885;-59.96275638;95;8198103040;541167616
31/03/2017;14:27:39;-3.0748827;-59.9620505;95;8198103040;541167616
31/03/2017;14:27:44;-3.07552157;-59.9626355;95;8198086656;541167616
31/03/2017;14:27:49;-3.07511821;-59.96257129;95;8198098944;541167616
31/03/2017;14:27:54;-3.07498228;-59.96240216;95;8198098944;541167616
31/03/2017;14:27:59;-3.07500465;-59.96206581;95;8198094848;541167616
31/03/2017;14:28:04;-3.0757982;-59.9628631;95;8198094848;541167616
31/03/2017;14:28:09;-3.0751493;-59.96109915;95;8198094848;541167616
31/03/2017;14:28:14;-3.07560618;-59.96039112;95;8198082560;541167616
31/03/2017;14:28:19;-3.0760751;-59.95990348;95;8198094848;541167616
31/03/2017;14:28:24;-3.0763939;-59.9593381;95;8198094848;541167616
31/03/2017;14:28:29;-3.0749064;-59.9606058;95;8198094848;541167616
31/03/2017;14:28:34;-3.07629563;-59.95809259;95;8198094848;541167616
31/03/2017;14:28:39;-3.07615842;-59.95740926;95;8198086656;541167616
31/03/2017;14:28:44;-3.07601541;-59.95677013;95;8198049792;541167616
31/03/2017;14:28:49;-3.07600571;-59.95639809;95;8198049792;541167616
31/03/2017;14:28:54;-3.07621225;-59.95621398;95;8198049792;541167616
31/03/2017;14:29:00;-3.07667678;-59.9560838;95;8198037504;541167616
31/03/2017;14:29:05;-3.07728758;-59.95607107;95;8198037504;541167616
31/03/2017;14:29:10;-3.07792873;-59.95608196;95;8198037504;541167616
31/03/2017;14:29:15;-3.07869116;-59.95602421;95;8198033408;541167616
31/03/2017;14:29:20;-3.07959505;-59.95586264;95;8198033408;541167616
31/03/2017;14:29:25;-3.08058547;-59.95525535;95;8198037504;541167616
31/03/2017;14:29:30;-3.08125087;-59.95472578;95;8198037504;541167616
31/03/2017;14:29:35;-3.08201621;-59.95408622;95;8198037504;541167616
31/03/2017;14:29:40;-3.08266654;-59.95349631;95;8198037504;541167616
31/03/2017;14:29:45;-3.08343814;-59.95295362;95;8198012928;541167616
31/03/2017;14:29:50;-3.08424715;-59.95235316;95;8198029312;541167616
31/03/2017;14:29:55;-3.08492221;-59.9517504;95;8198029312;541167616
31/03/2017;14:30:00;-3.08551419;-59.95133377;95;8198021120;541167616
31/03/2017;14:30:05;-3.08603394;-59.95090381;95;8198021120;541167616
31/03/2017;14:30:10;-3.08670749;-59.95041002;95;8198021120;541167616
31/03/2017;14:30:15;-3.0873714;-59.94980689;95;8198000640;541167616
31/03/2017;14:30:20;-3.08818001;-59.9493148;95;8198008832;541167616
31/03/2017;14:30:25;-3.08911881;-59.94893204;95;8198008832;541167616
31/03/2017;14:30:30;-3.09002082;-59.94872848;95;8198008832;541167616
31/03/2017;14:30:35;-3.09092879;-59.94857772;95;8198008832;541167616
31/03/2017;14:30:40;-3.09178501;-59.94849935;95;8198008832;541167616
31/03/2017;14:30:45;-3.09252217;-59.94838853;95;8198008832;541167616
31/03/2017;14:30:50;-3.0932566;-59.94826671;95;8198008832;541167616
31/03/2017;14:30:55;-3.09401684;-59.94811604;95;8198004736;541167616
31/03/2017;14:31:00;-3.09469513;-59.94800441;95;8197984256;541167616
31/03/2017;14:31:05;-3.09542833;-59.94784657;95;8197992448;541167616
31/03/2017;14:31:10;-3.09620982;-59.94775456;94;8197992448;541167616
31/03/2017;14:31:15;-3.09697773;-59.947637;94;8197980160;541167616
31/03/2017;14:31:20;-3.09761883;-59.9475619;94;8197988352;541167616
31/03/2017;14:31:26;-3.097922;-59.94764712;94;8197988352;541167616
31/03/2017;14:31:31;-3.09806055;-59.94778511;94;8197988352;541167616
31/03/2017;14:31:36;-3.09822123;-59.94817725;94;8197988352;541167616
31/03/2017;14:31:41;-3.09849305;-59.94879729;94;8197988352;541167616
31/03/2017;14:31:46;-3.09884988;-59.94954141;94;8197988352;541167616
31/03/2017;14:31:51;-3.09919942;-59.9503033;94;8197988352;541167616
31/03/2017;14:31:56;-3.0995235;-59.95113481;94;8197980160;541167616
31/03/2017;14:32:01;-3.09999214;-59.95191795;94;8197967872;541167616
31/03/2017;14:32:06;-3.10055786;-59.95259525;94;8197976064;541167616
31/03/2017;14:32:11;-3.10117628;-59.95329254;94;8197976064;541167616
31/03/2017;14:32:16;-3.10165751;-59.9540391;94;8197963776;541167616
31/03/2017;14:32:21;-3.10216628;-59.95475054;94;8197971968;541167616
31/03/2017;14:32:26;-3.10278638;-59.95542999;94;8197971968;541167616
31/03/2017;14:32:31;-3.10351784;-59.95586115;94;8197971968;541167616
31/03/2017;14:32:36;-3.10439024;-59.95621261;94;8197971968;541167616
31/03/2017;14:32:41;-3.10526348;-59.95655781;94;8197971968;541167616
31/03/2017;14:32:46;-3.10610844;-59.95691722;94;8197971968;541167616
31/03/2017;14:32:51;-3.106754;-59.95728827;94;8197967872;541167616
31/03/2017;14:32:56;-3.10728407;-59.95769268;94;8197971968;541167616
31/03/2017;14:33:01;-3.10766614;-59.95815996;94;8197959680;541167616
31/03/2017;14:33:06;-3.10804063;-59.95874803;94;8197967872;541167616
31/03/2017;14:33:11;-3.10833255;-59.95925833;94;8197955584;541167616
31/03/2017;14:33:16;-3.10864094;-59.9597407;94;8197955584;541167616
31/03/2017;14:33:21;-3.10897415;-59.96028632;94;8197935104;541167616
31/03/2017;14:33:26;-3.10907054;-59.96043365;94;8197947392;541167616
31/03/2017;14:33:31;-3.1092316;-59.96063059;94;8197947392;541167616
31/03/2017;14:33:36;-3.10952101;-59.96104039;94;8197939200;541167616
31/03/2017;14:33:41;-3.10994697;-59.96167895;94;8197939200;541167616
31/03/2017;14:33:46;-3.11030275;-59.96228336;94;8197939200;541167616
31/03/2017;14:33:51;-3.11067199;-59.96290786;94;8197931008;541167616
31/03/2017;14:33:56;-3.11098421;-59.96362261;94;8197935104;541167616
31/03/2017;14:34:01;-3.11137555;-59.96442953;94;8197922816;541167616
31/03/2017;14:34:06;-3.11174145;-59.9651426;94;8197931008;541167616
31/03/2017;14:34:11;-3.11208011;-59.96576346;94;8197931008;541167616
31/03/2017;14:34:16;-3.11235087;-59.96623631;94;8197931008;541167616
31/03/2017;14:34:21;-3.11272308;-59.96672906;94;8197914624;541167616
31/03/2017;14:34:26;-3.11321542;-59.9673234;94;8197914624;541167616
31/03/2017;14:34:31;-3.11372413;-59.96791085;94;8197922816;541167616
31/03/2017;14:34:37;-3.11416274;-59.96830948;94;8197922816;541167616
31/03/2017;14:34:42;-3.11447807;-59.96869323;94;8197922816;541167616
31/03/2017;14:34:47;-3.11454696;-59.96890268;94;8197922816;541167616
31/03/2017;14:34:52;-3.11468003;-59.96899014;94;8197918720;541167616
31/03/2017;14:34:57;-3.11472347;-59.96903126;94;8197922816;541167616
31/03/2017;14:35:02;-3.11472229;-59.96902817;94;8197922816;541167616
31/03/2017;14:35:07;-3.11471488;-59.96901703;94;8197906432;541167616
31/03/2017;14:35:12;-3.11472951;-59.96903179;94;8197914624;541167616
31/03/2017;14:35:17;-3.11485847;-59.96926923;94;8197910528;541167616
31/03/2017;14:35:22;-3.11521733;-59.9696854;94;8197894144;541167616
31/03/2017;14:35:27;-3.11557238;-59.97025924;94;8197906432;541167616
31/03/2017;14:35:32;-3.11594043;-59.97098231;94;8197906432;541167616
31/03/2017;14:35:37;-3.11634147;-59.97167838;94;8197898240;541167616
31/03/2017;14:35:42;-3.11675224;-59.9723001;94;8197898240;541167616
31/03/2017;14:35:47;-3.11706899;-59.97292242;94;8197898240;541167616
31/03/2017;14:35:52;-3.11739155;-59.97355546;94;8197894144;541167616
31/03/2017;14:35:57;-3.11750669;-59.9739017;94;8197898240;541167616
31/03/2017;14:36:02;-3.11751429;-59.97394732;94;8197898240;541167616
31/03/2017;14:36:07;-3.11750899;-59.97395461;94;8197898240;541167616
31/03/2017;14:36:12;-3.11752005;-59.97394367;93;8197873664;541167616
31/03/2017;14:36:17;-3.11751248;-59.97393861;93;8197890048;541167616
31/03/2017;14:36:22;-3.11751836;-59.9739367;93;8197885952;541167616
31/03/2017;14:36:27;-3.11752659;-59.97393404;93;8197890048;541167616
31/03/2017;14:36:32;-3.1175266;-59.97393526;93;8197890048;541167616
31/03/2017;14:36:37;-3.11752661;-59.97393377;93;8197890048;541167616
31/03/2017;14:36:42;-3.11753301;-59.97393173;93;8197890048;541167616
31/03/2017;14:36:47;-3.11753955;-59.9739325;93;8197890048;541167616
31/03/2017;14:36:52;-3.11754443;-59.97393131;93;8197873664;541167616
31/03/2017;14:36:57;-3.11755083;-59.97392897;93;8197869568;541167616
31/03/2017;14:37:02;-3.11754443;-59.97391676;93;8197873664;541167616
31/03/2017;14:37:07;-3.11764948;-59.97403649;93;8197873664;541167616
31/03/2017;14:37:12;-3.11798889;-59.97446568;93;8197861376;541167616
31/03/2017;14:37:18;-3.11838639;-59.97497348;93;8197869568;541167616
31/03/2017;14:37:23;-3.11883406;-59.97551872;93;8197869568;541167616
31/03/2017;14:37:28;-3.11939066;-59.97614098;93;8197853184;541167616
31/03/2017;14:37:33;-3.11987494;-59.97676872;93;8197865472;541167616
31/03/2017;14:37:38;-3.12020667;-59.97757762;93;8197865472;541167616
31/03/2017;14:37:43;-3.12046824;-59.97845962;93;8197865472;541167616
31/03/2017;14:37:48;-3.12087728;-59.97919078;93;8197865472;541167616
31/03/2017;14:37:53;-3.12137844;-59.97978177;93;8197865472;541167616
31/03/2017;14:37:58;-3.12198822;-59.98033855;93;8197861376;541167616
31/03/2017;14:38:03;-3.12260838;-59.98086727;93;8197865472;541167616
31/03/2017;14:38:08;-3.12328918;-59.98134272;93;8197865472;541167616
31/03/2017;14:38:13;-3.12416008;-59.98172175;93;8197865472;541167616
31/03/2017;14:38:18;-3.1248461;-59.98198874;93;8197849088;541167616
31/03/2017;14:38:23;-3.125507;-59.9824228;93;8197857280;541167616
31/03/2017;14:38:28;-3.12601912;-59.98287552;93;8197844992;541167616
31/03/2017;14:38:33;-3.12652534;-59.98354346;93;8197853184;541167616
31/03/2017;14:38:38;-3.12690107;-59.98393591;93;8197844992;541167616
31/03/2017;14:38:43;-3.12751959;-59.98433234;93;8197844992;541167616
31/03/2017;14:38:48;-3.12821179;-59.98466906;93;8197844992;541167616
31/03/2017;14:38:53;-3.12885164;-59.98495861;93;8197844992;541167616
31/03/2017;14:38:58;-3.12973857;-59.98512442;93;8197844992;541167616
31/03/2017;14:39:03;-3.13048334;-59.98512873;93;8197795840;541167616
31/03/2017;14:39:08;-3.13114471;-59.98504142;93;8197804032;541167616
31/03/2017;14:39:13;-3.13159407;-59.9852471;93;8197804032;541167616
31/03/2017;14:39:18;-3.13174182;-59.98563763;93;8197791744;541167616
31/03/2017;14:39:23;-3.13151262;-59.98592275;93;8197799936;541167616
31/03/2017;14:39:28;-3.13115026;-59.98632573;93;8197791744;541167616
31/03/2017;14:39:33;-3.1309602;-59.98689554;93;8197804032;541167616
31/03/2017;14:39:38;-3.13097853;-59.98750651;93;8197804032;541167616
31/03/2017;14:39:44;-3.13115303;-59.98788635;93;8197804032;541167616
31/03/2017;14:39:49;-3.13121325;-59.98794519;93;8197804032;541167616
31/03/2017;14:39:54;-3.13119669;-59.98791994;93;8197804032;541167616
31/03/2017;14:39:59;-3.13121682;-59.98792527;93;8197804032;541167616
31/03/2017;14:40:04;-3.13135378;-59.98806542;93;8197799936;541167616
31/03/2017;14:40:09;-3.13147636;-59.98843712;93;8197804032;541167616
31/03/2017;14:40:14;-3.13147919;-59.98887602;93;8197804032;541167616
31/03/2017;14:40:19;-3.13126373;-59.98956597;93;8197783552;541167616
31/03/2017;14:40:24;-3.13096776;-59.99010964;93;8197791744;541167616
31/03/2017;14:40:29;-3.13080011;-59.9904032;93;8197791744;541167616
31/03/2017;14:40:34;-3.13074969;-59.9904822;93;8197779456;541167616
31/03/2017;14:40:39;-3.13076867;-59.99052329;93;8197787648;541167616
31/03/2017;14:40:44;-3.13075653;-59.99055776;93;8197767168;541167616
31/03/2017;14:40:49;-3.13072469;-59.99067839;93;8197779456;541167616
31/03/2017;14:40:54;-3.13067084;-59.99065176;93;8197779456;541167616
31/03/2017;14:40:59;-3.13060654;-59.99077995;93;8197775360;541167616
31/03/2017;14:41:04;-3.13054184;-59.99093844;93;8197763072;541167616
31/03/2017;14:41:09;-3.1304937;-59.99113478;93;8197767168;541167616
31/03/2017;14:41:14;-3.13040011;-59.9912259;93;8197767168;541167616
31/03/2017;14:41:19;-3.13036431;-59.99128451;92;8197771264;541167616
31/03/2017;14:41:24;-3.13032094;-59.99135558;92;8197758976;541167616
31/03/2017;14:41:29;-3.13032094;-59.99135558;92;8197767168;541167616
31/03/2017;14:41:34;-3.13033573;-59.99135736;92;8197767168;541167616
31/03/2017;14:41:39;-3.13035691;-59.99141657;92;8197767168;541167616
31/03/2017;14:41:44;-3.1303568;-59.99143268;92;8197767168;541167616
31/03/2017;14:41:49;-3.13036908;-59.99144878;92;8197767168;541167616
31/03/2017;14:41:54;-3.13035725;-59.99146922;92;8197763072;541167616
31/03/2017;14:41:59;-3.13035817;-59.99148111;92;8197758976;541167616
31/03/2017;14:42:04;-3.130326;-59.99159532;92;8197758976;541167616
31/03/2017;14:42:09;-3.13027493;-59.99166419;92;8197754880;541167616
31/03/2017;14:42:14;-3.13026338;-59.991681;92;8197754880;541167616
31/03/2017;14:42:19;-3.13024242;-59.99173497;92;8197754880;541167616
31/03/2017;14:42:24;-3.13015951;-59.99192926;92;8197738496;541167616
31/03/2017;14:42:30;-3.13016899;-59.99210942;92;8197746688;541167616
31/03/2017;14:42:35;-3.13012474;-59.99217279;92;8197746688;541167616
31/03/2017;14:42:40;-3.13000838;-59.99239907;92;8197746688;541167616
31/03/2017;14:42:45;-3.12989555;-59.99290553;92;8197746688;541167616
31/03/2017;14:42:50;-3.12963366;-59.99335533;92;8197746688;541167616
31/03/2017;14:42:55;-3.1295601;-59.99364403;92;8197746688;541167616
31/03/2017;14:43:00;-3.12947567;-59.99375901;92;8197746688;541167616
31/03/2017;14:43:05;-3.12948073;-59.99378218;92;8197746688;541167616
31/03/2017;14:43:10;-3.12947203;-59.99383133;92;8197746688;541167616
31/03/2017;14:43:15;-3.1295552;-59.99384256;92;8197746688;541167616
31/03/2017;14:43:20;-3.12944583;-59.99386527;92;8197746688;541167616
31/03/2017;14:43:25;-3.12942188;-59.99387371;92;8197746688;541167616
31/03/2017;14:43:30;-3.12944985;-59.99391108;92;8197734400;541167616
31/03/2017;14:43:35;-3.1293737;-59.99411326;92;8197742592;541167616
31/03/2017;14:43:40;-3.1292628;-59.9943557;92;8197734400;541167616
31/03/2017;14:43:45;-3.12919197;-59.99461653;92;8197734400;541167616
31/03/2017;14:43:50;-3.12905581;-59.99503252;92;8197734400;541167616
31/03/2017;14:43:55;-3.12897243;-59.99536103;92;8197734400;541167616
31/03/2017;14:44:00;-3.12867317;-59.99551949;92;8197734400;541167616
31/03/2017;14:44:05;-3.12827611;-59.99547244;92;8197734400;541167616
31/03/2017;14:44:10;-3.12759489;-59.99545811;92;8197734400;541167616
31/03/2017;14:44:15;-3.12694533;-59.99537244;92;8197734400;541167616
31/03/2017;14:44:20;-3.12637985;-59.99528632;92;8197734400;541167616
31/03/2017;14:44:25;-3.12612525;-59.99534397;92;8197734400;541167616
31/03/2017;14:44:30;-3.12612393;-59.99539665;92;8197718016;541167616
31/03/2017;14:44:35;-3.12611435;-59.9953278;92;8197734400;541167616
31/03/2017;14:44:40;-3.12604338;-59.99525796;92;8197738496;541167616
31/03/2017;14:44:45;-3.1258796;-59.99523128;92;8197738496;541167616
31/03/2017;14:44:50;-3.12580839;-59.99525831;92;8197730304;541167616
31/03/2017;14:44:56;-3.12582642;-59.99526787;92;8197730304;541167616
31/03/2017;14:45:01;-3.12584196;-59.99527654;92;8197730304;541167616
31/03/2017;14:45:06;-3.12583557;-59.99528165;92;8197730304;541167616
31/03/2017;14:45:11;-3.12583047;-59.99525756;92;8197730304;541167616
31/03/2017;14:45:16;-3.12582526;-59.99523768;92;8197730304;541167616
31/03/2017;14:45:21;-3.12582102;-59.99523039;92;8197726208;541167616
31/03/2017;14:45:26;-3.12581871;-59.99522491;92;8197726208;541167616
31/03/2017;14:45:31;-3.1258187;-59.99521955;92;8197709824;541167616
31/03/2017;14:45:36;-3.12581701;-59.99521647;92;8197718016;541167616
31/03/2017;14:45:41;-3.12565441;-59.99528677;92;8197718016;541167616
31/03/2017;14:45:46;-3.12532617;-59.99515463;92;8197718016;541167616
31/03/2017;14:45:51;-3.12535317;-59.99474498;92;8197705728;541167616
31/03/2017;14:45:56;-3.12537273;-59.99414606;92;8197713920;541167616
31/03/2017;14:46:01;-3.1254066;-59.99346187;92;8197713920;541167616
31/03/2017;14:46:06;-3.12539979;-59.99291108;92;8197713920;541167616
31/03/2017;14:46:11;-3.12541535;-59.99247075;92;8197713920;541167616
31/03/2017;14:46:16;-3.12543569;-59.99207407;92;8197713920;541167616
31/03/2017;14:46:21;-3.12537982;-59.99171656;92;8197713920;541167616
31/03/2017;14:46:26;-3.12539471;-59.99112531;91;8197713920;541167616
31/03/2017;14:46:31;-3.12539943;-59.99059077;91;8197701632;541167616
31/03/2017;14:46:36;-3.12527933;-59.99006853;91;8197709824;541167616
31/03/2017;14:46:41;-3.12520833;-59.9899042;91;8197709824;541167616
31/03/2017;14:46:46;-3.1251669;-59.9896519;91;8197709824;541167616
31/03/2017;14:46:51;-3.12509209;-59.98945381;91;8197701632;541167616
31/03/2017;14:46:56;-3.12505025;-59.98912547;91;8197701632;541167616
31/03/2017;14:47:01;-3.1248764;-59.98863657;91;8197685248;541167616
31/03/2017;14:47:06;-3.12456354;-59.98827902;91;8197685248;541167616
31/03/2017;14:47:11;-3.12429895;-59.98787312;91;8197685248;541167616
31/03/2017;14:47:16;-3.12408688;-59.98752004;91;8197685248;541167616
31/03/2017;14:47:21;-3.12395802;-59.98738162;91;8197685248;541167616
31/03/2017;14:47:26;-3.12388054;-59.98723596;91;8197685248;541167616
31/03/2017;14:47:32;-3.12364577;-59.98705285;91;8197664768;541167616
31/03/2017;14:47:37;-3.12344589;-59.98656542;91;8197656576;541167616
31/03/2017;14:47:42;-3.12331032;-59.98633066;91;8197668864;541167616
31/03/2017;14:47:47;-3.12302923;-59.98599223;91;8197668864;541167616
31/03/2017;14:47:52;-3.12273276;-59.98553756;91;8197668864;541167616
31/03/2017;14:47:57;-3.12210889;-59.9851882;91;8197668864;541167616
31/03/2017;14:48:02;-3.12153464;-59.98495704;91;8197668864;541167616
31/03/2017;14:48:07;-3.12081121;-59.9846657;91;8197664768;541167616
31/03/2017;14:48:12;-3.1200843;-59.98442714;91;8197668864;541167616
31/03/2017;14:48:17;-3.11938206;-59.98412966;91;8197668864;541167616
31/03/2017;14:48:22;-3.11873729;-59.98385732;91;8197668864;541167616
31/03/2017;14:48:27;-3.11808288;-59.98362617;91;8197656576;541167616
31/03/2017;14:48:32;-3.11767511;-59.98351759;91;8197644288;541167616
31/03/2017;14:48:37;-3.11748147;-59.98344546;91;8197636096;541167616
31/03/2017;14:48:42;-3.11738754;-59.98341022;91;8197644288;541167616
31/03/2017;14:48:47;-3.11720576;-59.98333906;91;8197644288;541167616
31/03/2017;14:48:52;-3.11698471;-59.98318652;91;8197644288;541167616
31/03/2017;14:48:57;-3.11680504;-59.98318152;91;8197644288;541167616
31/03/2017;14:49:02;-3.11663446;-59.98309279;91;8197644288;541167616
31/03/2017;14:49:07;-3.11642541;-59.98299662;91;8197640192;541167616
31/03/2017;14:49:12;-3.11624819;-59.98298764;91;8197644288;541167616
31/03/2017;14:49:17;-3.11606493;-59.98288927;91;8197644288;541167616
31/03/2017;14:49:22;-3.11595647;-59.98283424;91;8197644288;541167616
31/03/2017;14:49:27;-3.11567739;-59.98273951;91;8197644288;541167616
31/03/2017;14:49:32;-3.11557706;-59.98275052;91;8197627904;541167616
31/03/2017;14:49:37;-3.11551733;-59.98267972;91;8197619712;541167616
31/03/2017;14:49:42;-3.1155081;-59.98268496;91;8197632000;541167616
31/03/2017;14:49:47;-3.11544376;-59.98272967;91;8197632000;541167616
31/03/2017;14:49:52;-3.11545808;-59.98274854;91;8197627904;541167616
31/03/2017;14:49:57;-3.11547331;-59.98274618;91;8197627904;541167616
31/03/2017;14:50:02;-3.11550085;-59.98272202;91;8197627904;541167616
31/03/2017;14:50:07;-3.11551243;-59.98271463;91;8197611520;541167616
31/03/2017;14:50:12;-3.11552752;-59.98270809;91;8197623808;541167616
31/03/2017;14:50:17;-3.11554036;-59.98269644;91;8197623808;541167616
31/03/2017;14:50:22;-3.11553972;-59.98269643;91;8197615616;541167616
31/03/2017;14:50:27;-3.11554173;-59.98269328;91;8197615616;541167616
31/03/2017;14:50:32;-3.11554259;-59.98269228;91;8197615616;541167616
31/03/2017;14:50:38;-3.11554011;-59.98269443;91;8197603328;541167616
31/03/2017;14:50:43;-3.11553075;-59.98268337;91;8197611520;541167616
31/03/2017;14:50:48;-3.11531838;-59.98255601;91;8197611520;541167616
31/03/2017;14:50:53;-3.11506564;-59.98243664;91;8197611520;541167616
31/03/2017;14:50:58;-3.11467679;-59.98228931;91;8197611520;541167616
31/03/2017;14:51:03;-3.11429529;-59.98217102;91;8197611520;541167616
31/03/2017;14:51:08;-3.11392419;-59.98208169;91;8197611520;541167616
31/03/2017;14:51:13;-3.11378213;-59.98197742;91;8197611520;541167616
31/03/2017;14:51:18;-3.11372094;-59.98200012;91;8197611520;541167616
31/03/2017;14:51:23;-3.1137204;-59.98198809;91;8197611520;541167616
31/03/2017;14:51:28;-3.11372967;-59.98198148;90;8197611520;541167616
31/03/2017;14:51:33;-3.11374123;-59.98197756;90;8197611520;541167616
31/03/2017;14:51:38;-3.11373985;-59.98197757;90;8197611520;541167616
31/03/2017;14:51:43;-3.11374793;-59.98197302;90;8197599232;541167616
31/03/2017;14:51:48;-3.11374221;-59.98197555;90;8197607424;541167616
31/03/2017;14:51:53;-3.1137474;-59.98197362;90;8197595136;541167616
31/03/2017;14:51:58;-3.11374245;-59.98197503;90;8197603328;541167616
31/03/2017;14:52:03;-3.11374234;-59.98197196;90;8197591040;541167616
31/03/2017;14:52:08;-3.1137386;-59.98197133;90;8197591040;541167616
31/03/2017;14:52:13;-3.11373812;-59.98197011;90;8197582848;541167616
31/03/2017;14:52:18;-3.11373774;-59.98196874;90;8197586944;541167616
31/03/2017;14:52:23;-3.1137187;-59.98196195;90;8197586944;541167616
31/03/2017;14:52:28;-3.11349931;-59.98190328;90;8197578752;541167616
31/03/2017;14:52:33;-3.11323032;-59.98178678;90;8197578752;541167616
31/03/2017;14:52:38;-3.1130516;-59.98184319;90;8197578752;541167616
31/03/2017;14:52:43;-3.11331833;-59.98201938;90;8197562368;541167616
31/03/2017;14:52:48;-3.11393214;-59.98229994;90;8197570560;541167616
31/03/2017;14:52:53;-3.11464097;-59.98248605;90;8197570560;541167616
31/03/2017;14:52:58;-3.11530784;-59.98275459;90;8197570560;541167616
31/03/2017;14:53:03;-3.11566628;-59.98297123;90;8197558272;541167616
31/03/2017;14:53:09;-3.11565277;-59.98312727;90;8197558272;541167616
31/03/2017;14:53:14;-3.11563618;-59.98311196;90;8197566464;541167616
31/03/2017;14:53:19;-3.11564085;-59.98312053;90;8197566464;541167616
31/03/2017;14:53:24;-3.11562344;-59.983226;90;8197566464;541167616
31/03/2017;14:53:29;-3.11556779;-59.98335667;90;8197566464;541167616
31/03/2017;14:53:34;-3.11543777;-59.98349912;90;8197566464;541167616
31/03/2017;14:53:39;-3.1154223;-59.98351519;90;8197566464;541167616
31/03/2017;14:53:44;-3.11543152;-59.98351057;90;8197562368;541167616
31/03/2017;14:53:49;-3.1155311;-59.98351555;90;8197550080;541167616
31/03/2017;14:53:54;-3.11559768;-59.98351525;90;8197558272;541167616
31/03/2017;14:53:59;-3.11558658;-59.98355706;90;8197558272;541167616
31/03/2017;14:54:04;-3.11558376;-59.98356192;90;8197558272;541167616
31/03/2017;14:54:09;-3.11558753;-59.98357288;90;8197558272;541167616
31/03/2017;14:54:14;-3.11559154;-59.98357076;90;8197558272;541167616
31/03/2017;14:54:19;-3.11560717;-59.98355915;90;8197558272;541167616
31/03/2017;14:54:24;-3.11561922;-59.98354887;90;8197558272;541167616
31/03/2017;14:54:29;-3.11561985;-59.9835488;90;8197558272;541167616
31/03/2017;14:54:34;-3.11561616;-59.98354602;90;8197558272;541167616
31/03/2017;14:54:39;-3.1156161;-59.98354592;90;8197558272;541167616
31/03/2017;14:54:44;-3.11561372;-59.98354551;90;8197558272;541167616
31/03/2017;14:54:49;-3.11560695;-59.98353922;90;8197545984;541167616
31/03/2017;14:54:54;-3.11560706;-59.98354107;90;8197554176;541167616
31/03/2017;14:54:59;-3.11560041;-59.98354166;90;8197554176;541167616
31/03/2017;14:55:04;-3.11557068;-59.98353866;90;8197554176;541167616
31/03/2017;14:55:09;-3.11557001;-59.98353934;90;8197550080;541167616
31/03/2017;14:55:14;-3.1155765;-59.98354181;90;8197550080;541167616
31/03/2017;14:55:19;-3.11555951;-59.98354152;90;8197550080;541167616
31/03/2017;14:55:24;-3.11555779;-59.98354195;90;8197541888;541167616
31/03/2017;14:55:29;-3.11555669;-59.98354208;90;8197541888;541167616
31/03/2017;14:55:34;-3.11555704;-59.98354219;89;8197541888;541167616
31/03/2017;14:55:39;-3.11555761;-59.98354225;89;8197541888;541167616
31/03/2017;14:55:44;-3.11556208;-59.98354285;89;8197541888;541167616
31/03/2017;14:55:50;-3.11555948;-59.983543;89;8197541888;541167616
31/03/2017;14:55:55;-3.11555957;-59.98354299;89;8197537792;541167616
31/03/2017;14:56:00;-3.11556074;-59.9835431;89;8197537792;541167616
31/03/2017;14:56:05;-3.11556093;-59.98354312;89;8197537792;541167616
31/03/2017;14:56:10;-3.11556095;-59.98354312;89;8197537792;541167616
31/03/2017;14:56:15;-3.11556098;-59.98354311;89;8197537792;541167616
31/03/2017;14:56:20;-3.115561;-59.98354308;89;8197537792;541167616
31/03/2017;14:56:25;-3.11556105;-59.9835431;89;8197537792;541167616
31/03/2017;14:56:30;-3.11556107;-59.98354311;89;8197537792;541167616
31/03/2017;14:56:35;-3.11556133;-59.98354315;89;8197537792;541167616
31/03/2017;14:56:40;-3.11556188;-59.98354323;89;8197537792;541167616
31/03/2017;14:56:45;-3.1155619;-59.98354324;89;8197537792;541167616
31/03/2017;14:56:50;-3.11556185;-59.98354328;89;8197533696;541167616
31/03/2017;14:56:55;-3.11556184;-59.98354326;89;8197533696;541167616
31/03/2017;14:57:00;-3.11556201;-59.98354328;89;8197529600;541167616
31/03/2017;14:57:05;-3.11556202;-59.98354327;89;8197525504;541167616
31/03/2017;14:57:10;-3.11556198;-59.98354329;89;8197525504;541167616
31/03/2017;14:57:15;-3.11556119;-59.98354332;89;8197525504;541167616
31/03/2017;14:57:20;-3.11557096;-59.98354577;89;8197529600;541167616
31/03/2017;14:57:25;-3.11557053;-59.98354505;89;8197529600;541167616
31/03/2017;14:57:30;-3.11556781;-59.98354539;89;8197529600;541167616
31/03/2017;14:57:35;-3.11556224;-59.9835427;89;8197525504;541167616
31/03/2017;14:57:40;-3.11556358;-59.9835414;89;8197525504;541167616
31/03/2017;14:57:45;-3.11556679;-59.98354254;89;8197513216;541167616
31/03/2017;14:57:50;-3.11557303;-59.98354388;89;8197521408;541167616
31/03/2017;14:57:55;-3.11557827;-59.98354461;89;8197521408;541167616
31/03/2017;14:58:00;-3.11557622;-59.98354461;89;8197521408;541167616
31/03/2017;14:58:05;-3.11557829;-59.98354497;89;8197513216;541167616
31/03/2017;14:58:10;-3.11557847;-59.98354483;89;8197513216;541167616
31/03/2017;14:58:16;-3.11557848;-59.98354483;89;8197513216;541167616
31/03/2017;14:58:21;-3.11557838;-59.98354479;89;8197513216;541167616
31/03/2017;14:58:26;-3.11557845;-59.9835448;89;8197513216;541167616
31/03/2017;14:58:31;-3.11557843;-59.98354481;89;8197513216;541167616
31/03/2017;14:58:36;-3.11557759;-59.98354432;89;8197513216;541167616
31/03/2017;14:58:41;-3.11557692;-59.98354397;89;8197513216;541167616
31/03/2017;14:58:46;-3.11557682;-59.98354395;89;8197509120;541167616
31/03/2017;14:58:51;-3.11557677;-59.98354372;89;8197509120;541167616
31/03/2017;14:58:56;-3.11557678;-59.98354358;89;8197509120;541167616
31/03/2017;14:59:01;-3.11557665;-59.98354356;89;8197509120;541167616
31/03/2017;14:59:06;-3.11557665;-59.98354356;89;8197496832;541167616
31/03/2017;14:59:11;-3.11557652;-59.98354347;89;8197505024;541167616
31/03/2017;14:59:16;-3.11557644;-59.98354339;89;8197505024;541167616
31/03/2017;14:59:21;-3.1155765;-59.98354336;89;8197505024;541167616
31/03/2017;14:59:26;-3.1155765;-59.98354335;89;8197505024;541167616
31/03/2017;14:59:31;-3.11557652;-59.98354334;89;8197505024;541167616
31/03/2017;14:59:36;-3.11557653;-59.98354333;89;8197505024;541167616
31/03/2017;14:59:41;-3.11557655;-59.98354331;89;8197505024;541167616
31/03/2017;14:59:46;-3.11557656;-59.9835433;89;8197505024;541167616
31/03/2017;14:59:51;-3.115578;-59.98354165;89;8197505024;541167616
31/03/2017;14:59:56;-3.11557959;-59.98354008;89;8197505024;541167616
31/03/2017;15:00:01;-3.11558196;-59.9835386;89;8197505024;541167616
31/03/2017;15:00:06;-3.11558342;-59.98353599;89;8197472256;541167616
31/03/2017;15:00:11;-3.11558396;-59.98353501;89;8197484544;541167616
31/03/2017;15:00:16;-3.11558425;-59.9835344;89;8197484544;541167616
31/03/2017;15:00:21;-3.1155847;-59.98353339;89;8197476352;541167616
31/03/2017;15:00:26;-3.11558582;-59.98353392;89;8197476352;541167616
31/03/2017;15:00:31;-3.0816838;-59.9714591;89;8197476352;541167616
31/03/2017;15:00:36;-3.11559285;-59.98353428;88;8197476352;541167616
31/03/2017;15:00:41;-3.0816838;-59.9714591;88;8197476352;541167616
31/03/2017;15:00:46;-3.11559263;-59.9835347;88;8197476352;541167616
31/03/2017;15:00:52;-3.11559173;-59.98353577;88;8197476352;541167616
31/03/2017;15:00:57;-3.11559061;-59.98353623;88;8197476352;541167616
31/03/2017;15:01:02;-3.11558962;-59.98353746;88;8197476352;541167616
31/03/2017;15:01:07;-3.11559088;-59.98353848;88;8197476352;541167616
31/03/2017;15:01:12;-3.11559017;-59.98353931;88;8197464064;541167616
31/03/2017;15:01:17;-3.11559001;-59.98353905;88;8197472256;541167616
31/03/2017;15:01:22;-3.11558867;-59.98353878;88;8197472256;541167616
31/03/2017;15:01:27;-3.11558715;-59.98353887;88;8197472256;541167616
31/03/2017;15:01:32;-3.11558744;-59.98353887;88;8197472256;541167616
31/03/2017;15:01:37;-3.11558948;-59.98353893;88;8197472256;541167616
31/03/2017;15:01:42;-3.11558899;-59.98353921;88;8197472256;541167616
31/03/2017;15:01:47;-3.1155888;-59.98353921;88;8197472256;541167616
31/03/2017;15:01:52;-3.11558879;-59.9835392;88;8197468160;541167616
31/03/2017;15:01:57;-3.11558879;-59.9835392;88;8197468160;541167616
31/03/2017;15:02:02;-3.1155888;-59.9835392;88;8197468160;541167616
31/03/2017;15:02:07;-3.1155888;-59.98353919;88;8197464064;541167616
31/03/2017;15:02:12;-3.11558882;-59.9835392;88;8197451776;541167616
31/03/2017;15:02:17;-3.11558882;-59.9835392;88;8197459968;541167616
31/03/2017;15:02:22;-3.11558924;-59.98353931;88;8197459968;541167616
31/03/2017;15:02:27;-3.11558849;-59.98353932;88;8197447680;541167616
31/03/2017;15:02:32;-3.11558841;-59.98353937;88;8197447680;541167616
31/03/2017;15:02:37;-3.11558767;-59.98353978;88;8197447680;541167616
31/03/2017;15:02:42;-3.11558734;-59.98353975;88;8197447680;541167616
31/03/2017;15:02:47;-3.11558669;-59.9835399;88;8197447680;541167616
31/03/2017;15:02:52;-3.11558588;-59.98354051;88;8197447680;541167616
31/03/2017;15:02:57;-3.1155849;-59.98354057;88;8197447680;541167616
31/03/2017;15:03:02;-3.11558478;-59.98354018;88;8197447680;541167616
31/03/2017;15:03:07;-3.11558464;-59.98354081;88;8197447680;541167616
31/03/2017;15:03:12;-3.11558474;-59.98354081;88;8197447680;541167616
31/03/2017;15:03:17;-3.11558477;-59.98354081;88;8197435392;541167616
31/03/2017;15:03:22;-3.11558487;-59.98354081;88;8197443584;541167616
31/03/2017;15:03:28;-3.11558486;-59.98354083;88;8197443584;541167616
31/03/2017;15:03:33;-3.11558676;-59.98354058;88;8197443584;541167616
31/03/2017;15:03:38;-3.11558688;-59.98354059;88;8197443584;541167616
31/03/2017;15:03:43;-3.11558766;-59.98354051;88;8197443584;541167616
31/03/2017;15:03:48;-3.11558724;-59.98354067;88;8197431296;541167616
31/03/2017;15:03:53;-3.11558724;-59.98354071;88;8197431296;541167616
31/03/2017;15:03:58;-3.11558766;-59.98354071;88;8197431296;541167616
31/03/2017;15:04:03;-3.11558766;-59.9835407;88;8197431296;541167616
31/03/2017;15:04:08;-3.1155878;-59.98354069;88;8197431296;541167616
31/03/2017;15:04:13;-3.11558779;-59.98354066;88;8197431296;541167616
31/03/2017;15:04:18;-3.11558779;-59.98354065;88;8197419008;541167616
31/03/2017;15:04:23;-3.11558773;-59.98354061;88;8197427200;541167616
31/03/2017;15:04:28;-3.11558774;-59.9835406;88;8197427200;541167616
31/03/2017;15:04:33;-3.11558774;-59.98354059;88;8197427200;541167616
31/03/2017;15:04:38;-3.11558774;-59.98354059;88;8197427200;541167616
31/03/2017;15:04:43;-3.11558773;-59.98354059;88;8197427200;541167616
31/03/2017;15:04:48;-3.11558774;-59.98354058;88;8197427200;541167616
31/03/2017;15:04:53;-3.11558954;-59.98353973;88;8197427200;541167616
31/03/2017;15:04:58;-3.11559035;-59.98353883;88;8197427200;541167616
31/03/2017;15:05:03;-3.11559077;-59.983538;88;8197423104;541167616
31/03/2017;15:05:08;-3.11559071;-59.98353764;88;8197427200;541167616
31/03/2017;15:05:13;-3.11559262;-59.9835369;88;8197427200;541167616
31/03/2017;15:05:18;-3.11559264;-59.98353567;88;8197410816;541167616
31/03/2017;15:05:23;-3.11559291;-59.98353468;88;8197419008;541167616
31/03/2017;15:05:28;-3.11559224;-59.9835338;88;8197414912;541167616
31/03/2017;15:05:33;-3.11559168;-59.98353327;88;8197414912;541167616
31/03/2017;15:05:38;-3.11559161;-59.98353336;88;8197414912;541167616
31/03/2017;15:05:43;-3.11559224;-59.98353331;87;8197414912;541167616
31/03/2017;15:05:48;-3.11559154;-59.98353294;87;8197414912;541167616
31/03/2017;15:05:54;-3.11559039;-59.98353245;87;8197414912;541167616
31/03/2017;15:05:59;-3.11558963;-59.98353218;87;8197414912;541167616
31/03/2017;15:06:04;-3.11558969;-59.98353228;87;8197414912;541167616
31/03/2017;15:06:09;-3.11558963;-59.98353226;87;8197414912;541167616
31/03/2017;15:06:14;-3.11558969;-59.98353229;87;8197414912;541167616
31/03/2017;15:06:19;-3.11558969;-59.98353229;87;8197402624;541167616
31/03/2017;15:06:24;-3.11558958;-59.98353229;87;8197410816;541167616
31/03/2017;15:06:29;-3.11558957;-59.98353229;87;8197410816;541167616
31/03/2017;15:06:34;-3.11558957;-59.98353229;87;8197410816;541167616
31/03/2017;15:06:39;-3.11559028;-59.98353236;87;8197410816;541167616
31/03/2017;15:06:44;-3.11558965;-59.98353234;87;8197402624;541167616
31/03/2017;15:06:49;-3.11558922;-59.98353233;87;8197406720;541167616
31/03/2017;15:06:54;-3.11558868;-59.98353232;87;8197382144;541167616
31/03/2017;15:06:59;-3.1155887;-59.98353231;87;8197390336;541167616
31/03/2017;15:07:04;-3.1155887;-59.98353231;87;8197398528;541167616
31/03/2017;15:07:09;-3.11558869;-59.9835323;87;8197382144;541167616
31/03/2017;15:07:14;-3.1155887;-59.9835323;87;8197382144;541167616
31/03/2017;15:07:19;-3.11558815;-59.9835323;87;8197369856;541167616
31/03/2017;15:07:24;-3.11558914;-59.9835317;87;8197378048;541167616
31/03/2017;15:07:29;-3.11558891;-59.98353159;87;8197378048;541167616
31/03/2017;15:07:34;-3.11558891;-59.98353131;87;8197378048;541167616
31/03/2017;15:07:39;-3.1155883;-59.98353136;87;8197345280;541167616
31/03/2017;15:07:44;-3.11558916;-59.98353076;87;8197365760;541167616
31/03/2017;15:07:49;-3.11559064;-59.98353075;87;8197365760;541167616
31/03/2017;15:07:54;-3.11559257;-59.9835291;87;8197365760;541167616
31/03/2017;15:07:59;-3.11559356;-59.98352761;87;8197357568;541167616
31/03/2017;15:08:04;-3.11559299;-59.98352681;87;8197357568;541167616
31/03/2017;15:08:09;-3.11559343;-59.98352644;87;8197341184;541167616
31/03/2017;15:08:14;-3.11559407;-59.98352648;87;8197353472;541167616
31/03/2017;15:08:19;-3.11559421;-59.9835265;87;8197337088;541167616
31/03/2017;15:08:25;-3.11559427;-59.98352651;87;8197345280;541167616
31/03/2017;15:08:30;-3.11559428;-59.98352651;87;8197345280;541167616
31/03/2017;15:08:35;-3.11559429;-59.98352651;87;8197345280;541167616
31/03/2017;15:08:40;-3.1155943;-59.9835265;87;8197341184;541167616
31/03/2017;15:08:45;-3.11559432;-59.98352649;87;8197341184;541167616
31/03/2017;15:08:50;-3.11559358;-59.9835265;87;8197337088;541167616
31/03/2017;15:08:55;-3.11559314;-59.98352651;87;8197337088;541167616
31/03/2017;15:09:00;-3.11559238;-59.98352653;87;8197328896;541167616
31/03/2017;15:09:05;-3.1155915;-59.98352654;87;8197328896;541167616
31/03/2017;15:09:10;-3.11559093;-59.98352655;87;8197324800;541167616
31/03/2017;15:09:15;-3.11559095;-59.98352656;87;8197328896;541167616
31/03/2017;15:09:20;-3.11559098;-59.98352656;87;8197328896;541167616
31/03/2017;15:09:25;-3.115591;-59.98352655;87;8197324800;541167616
31/03/2017;15:09:30;-3.11559091;-59.98352661;87;8197324800;541167616
31/03/2017;15:09:35;-3.1155908;-59.98352665;87;8197324800;541167616
31/03/2017;15:09:40;-3.11559069;-59.98352665;87;8197316608;541167616
31/03/2017;15:09:45;-3.11559082;-59.98352662;87;8197320704;541167616
31/03/2017;15:09:50;-3.11559071;-59.98352662;87;8197320704;541167616
31/03/2017;15:09:55;-3.11559066;-59.98352663;87;8197320704;541167616
31/03/2017;15:10:00;-3.11559062;-59.98352663;87;8197320704;541167616
31/03/2017;15:10:05;-3.11559056;-59.98352663;87;8197320704;541167616
31/03/2017;15:10:10;-3.11559057;-59.98352663;87;8197316608;541167616
31/03/2017;15:10:15;-3.11559057;-59.98352663;87;8197320704;541167616
31/03/2017;15:10:20;-3.11559052;-59.98352646;87;8197320704;541167616
31/03/2017;15:10:25;-3.11558285;-59.98352824;87;8197316608;541167616
31/03/2017;15:10:30;-3.11558401;-59.98352928;87;8197308416;541167616
31/03/2017;15:10:35;-3.11558479;-59.9835302;87;8197308416;541167616
31/03/2017;15:10:40;-3.11557819;-59.98353081;87;8197300224;541167616
31/03/2017;15:10:45;-3.11557417;-59.98353047;86;8197300224;541167616
31/03/2017;15:10:50;-3.11556865;-59.9835303;86;8197296128;541167616
31/03/2017;15:10:55;-3.11556487;-59.98353046;86;8197296128;541167616
31/03/2017;15:11:00;-3.11556198;-59.98353057;86;8197296128;541167616
31/03/2017;15:11:05;-3.11556119;-59.98353065;86;8197296128;541167616
31/03/2017;15:11:10;-3.11556115;-59.98353066;86;8197279744;541167616
31/03/2017;15:11:16;-3.11556124;-59.98353084;86;8197292032;541167616
31/03/2017;15:11:21;-3.11556138;-59.98353095;86;8197292032;541167616
31/03/2017;15:11:26;-3.11556135;-59.98353095;86;8197287936;541167616
31/03/2017;15:11:31;-3.11556145;-59.98353095;86;8197287936;541167616
31/03/2017;15:11:36;-3.11556173;-59.98353096;86;8197287936;541167616
31/03/2017;15:11:41;-3.11556168;-59.98353096;86;8197283840;541167616
31/03/2017;15:11:46;-3.11556184;-59.98353097;86;8197287936;541167616
31/03/2017;15:11:51;-3.11556193;-59.98353098;86;8197283840;541167616
31/03/2017;15:11:56;-3.11556191;-59.98353097;86;8197283840;541167616
31/03/2017;15:12:01;-3.11556194;-59.98353096;86;8197283840;541167616
31/03/2017;15:12:06;-3.115562;-59.98353097;86;8197283840;541167616
31/03/2017;15:12:11;-3.11556203;-59.98353096;86;8197259264;541167616
31/03/2017;15:12:16;-3.11556199;-59.98353097;86;8197271552;541167616
31/03/2017;15:12:21;-3.11556195;-59.98353098;86;8197271552;541167616
31/03/2017;15:12:26;-3.11556198;-59.98353097;86;8197271552;541167616
31/03/2017;15:12:31;-3.11556196;-59.98353098;86;8197267456;541167616
31/03/2017;15:12:36;-3.11556194;-59.98353097;86;8197267456;541167616
31/03/2017;15:12:41;-3.11556196;-59.98353097;86;8197255168;541167616
31/03/2017;15:12:46;-3.11556196;-59.98353097;86;8197263360;541167616
31/03/2017;15:12:51;-3.11556236;-59.98353076;86;8197263360;541167616
31/03/2017;15:12:56;-3.11556244;-59.98353073;86;8197263360;541167616
31/03/2017;15:13:01;-3.11556229;-59.98353082;86;8197263360;541167616
31/03/2017;15:13:06;-3.11556185;-59.98353134;86;8197263360;541167616
31/03/2017;15:13:11;-3.11556121;-59.98353199;86;8197263360;541167616
31/03/2017;15:13:16;-3.11556157;-59.98353216;86;8197263360;541167616
31/03/2017;15:13:21;-3.11547175;-59.98355211;86;8197263360;541167616
31/03/2017;15:13:26;-3.11551205;-59.9835891;86;8197263360;541167616
31/03/2017;15:13:31;-3.11554092;-59.9836128;86;8197246976;541167616
31/03/2017;15:13:36;-3.11554099;-59.98361643;86;8197255168;541167616
31/03/2017;15:13:41;-3.11556078;-59.98363359;86;8197242880;541167616
31/03/2017;15:13:47;-3.1155688;-59.98364499;86;8197251072;541167616
31/03/2017;15:13:52;-3.11557268;-59.98365132;86;8197246976;541167616
31/03/2017;15:13:57;-3.11557223;-59.98365143;86;8197246976;541167616
31/03/2017;15:14:02;-3.11557289;-59.98365183;86;8197246976;541167616
31/03/2017;15:14:07;-3.11557302;-59.98365199;86;8197246976;541167616
31/03/2017;15:14:12;-3.1155729;-59.98365176;86;8197246976;541167616
31/03/2017;15:14:17;-3.11557303;-59.98365181;86;8197246976;541167616
31/03/2017;15:14:22;-3.11557303;-59.9836517;86;8197246976;541167616
31/03/2017;15:14:27;-3.11557319;-59.98365171;86;8197246976;541167616
31/03/2017;15:14:32;-3.11557336;-59.98365109;86;8197234688;541167616
31/03/2017;15:14:37;-3.11557337;-59.98365109;86;8197242880;541167616
31/03/2017;15:14:42;-3.11557389;-59.98365083;86;8197234688;541167616
31/03/2017;15:14:47;-3.11557478;-59.98365166;86;8197230592;541167616
31/03/2017;15:14:52;-3.11557509;-59.98365084;85;8197238784;541167616
31/03/2017;15:14:57;-3.1155756;-59.98365053;85;8197238784;541167616
31/03/2017;15:15:02;-3.11557552;-59.98365038;85;8197238784;541167616
31/03/2017;15:15:07;-3.11557529;-59.98364996;85;8197230592;541167616
31/03/2017;15:15:12;-3.11557522;-59.98364983;85;8197230592;541167616
31/03/2017;15:15:17;-3.11557757;-59.98365057;85;8197230592;541167616
31/03/2017;15:15:22;-3.0816838;-59.9714591;85;8197230592;541167616
31/03/2017;15:15:27;-3.11557301;-59.98363498;85;8197222400;541167616
31/03/2017;15:15:32;-3.11557617;-59.9836329;85;8197210112;541167616
31/03/2017;15:15:37;-3.11556801;-59.9836224;85;8197218304;541167616
31/03/2017;15:15:42;-3.11556848;-59.98361764;85;8197218304;541167616
31/03/2017;15:15:47;-3.115571;-59.98361319;85;8197218304;541167616
31/03/2017;15:15:52;-3.11556956;-59.98360651;85;8197218304;541167616
31/03/2017;15:15:57;-3.11557129;-59.98360597;85;8197210112;541167616
31/03/2017;15:16:02;-3.11557156;-59.98360582;85;8197210112;541167616
31/03/2017;15:16:07;-3.11556934;-59.98360179;85;8197210112;541167616
31/03/2017;15:16:12;-3.11557157;-59.98360536;85;8197210112;541167616
31/03/2017;15:16:18;-3.11557148;-59.98360527;85;8197210112;541167616
31/03/2017;15:16:23;-3.0816838;-59.9714591;85;8197210112;541167616
31/03/2017;15:16:28;-3.11557154;-59.9836057;85;8197210112;541167616
31/03/2017;15:16:33;-3.0816838;-59.9714591;85;8197210112;541167616
31/03/2017;15:16:38;-3.11556972;-59.98360725;85;8197197824;541167616
31/03/2017;15:16:43;-3.0816838;-59.9714591;85;8197206016;541167616
31/03/2017;15:16:48;-3.11556665;-59.98360881;85;8197206016;541167616
31/03/2017;15:16:53;-3.11556804;-59.98361146;85;8197201920;541167616
31/03/2017;15:16:58;-3.11556543;-59.98361315;85;8197201920;541167616
31/03/2017;15:17:03;-3.11556255;-59.98361459;85;8197197824;541167616
31/03/2017;15:17:08;-3.0816838;-59.9714591;85;8197197824;541167616
31/03/2017;15:17:13;-3.11555289;-59.98360625;85;8197197824;541167616
31/03/2017;15:17:18;-3.0816838;-59.9714591;85;8197197824;541167616
31/03/2017;15:17:23;-3.11555008;-59.98360451;85;8197197824;541167616
31/03/2017;15:17:28;-3.11555002;-59.98360492;85;8197197824;541167616
31/03/2017;15:17:33;-3.11554551;-59.98359976;85;8197197824;541167616
31/03/2017;15:17:38;-3.11554081;-59.98359838;85;8197185536;541167616
31/03/2017;15:17:43;-3.11554061;-59.98359706;85;8197193728;541167616
31/03/2017;15:17:48;-3.11554173;-59.98359761;85;8197193728;541167616
31/03/2017;15:17:53;-3.0816838;-59.9714591;85;8197193728;541167616
31/03/2017;15:17:58;-3.11554438;-59.98359686;85;8197193728;541167616
31/03/2017;15:18:03;-3.11554446;-59.98359583;85;8197193728;541167616
31/03/2017;15:18:08;-3.11554473;-59.98359516;85;8197193728;541167616
31/03/2017;15:18:13;-3.11554474;-59.98359517;85;8197193728;541167616
31/03/2017;15:18:18;-3.11554588;-59.98359676;85;8197193728;541167616
31/03/2017;15:18:23;-3.11554702;-59.98359768;85;8197193728;541167616
31/03/2017;15:18:28;-3.11554801;-59.98359909;85;8197193728;541167616
31/03/2017;15:18:33;-3.11555006;-59.98359999;85;8197189632;541167616
31/03/2017;15:18:38;-3.115551;-59.98359908;85;8197160960;541167616
31/03/2017;15:18:43;-3.11555461;-59.98360308;85;8197169152;541167616
31/03/2017;15:18:48;-3.11555374;-59.98360079;85;8197169152;541167616
31/03/2017;15:18:53;-3.11555548;-59.98360105;85;8197169152;541167616
31/03/2017;15:18:58;-3.11555611;-59.9836002;85;8197169152;541167616
31/03/2017;15:19:03;-3.11555985;-59.98360093;85;8197169152;541167616
31/03/2017;15:19:08;-3.11556122;-59.98360054;85;8197169152;541167616
31/03/2017;15:19:13;-3.1155626;-59.98360082;85;8197169152;541167616
31/03/2017;15:19:19;-3.11556305;-59.98360047;85;8197169152;541167616
31/03/2017;15:19:24;-3.11564369;-59.98357152;85;8197156864;541167616
31/03/2017;15:19:29;-3.11571974;-59.98358048;85;8197165056;541167616
31/03/2017;15:19:34;-3.115724;-59.9835639;85;8197165056;541167616
31/03/2017;15:19:39;-3.11569773;-59.98358289;85;8197152768;541167616
31/03/2017;15:19:44;-3.11569297;-59.98358092;85;8197160960;541167616
31/03/2017;15:19:49;-3.11568504;-59.98358093;85;8197160960;541167616
31/03/2017;15:19:54;-3.11567437;-59.98357552;84;8197160960;541167616
31/03/2017;15:19:59;-3.11566826;-59.98357053;84;8197160960;541167616
31/03/2017;15:20:04;-3.11564332;-59.98355648;84;8197160960;541167616
31/03/2017;15:20:09;-3.11564362;-59.98355162;84;8197160960;541167616
31/03/2017;15:20:14;-3.11564305;-59.98354855;84;8197160960;541167616
31/03/2017;15:20:19;-3.11563349;-59.98353744;84;8197152768;541167616
31/03/2017;15:20:24;-3.11563362;-59.98353741;84;8197152768;541167616
31/03/2017;15:20:29;-3.11563362;-59.98353742;84;8197152768;541167616
31/03/2017;15:20:34;-3.11563317;-59.983537;84;8197152768;541167616
31/03/2017;15:20:39;-3.11563385;-59.9835376;84;8197140480;541167616
31/03/2017;15:20:44;-3.11562412;-59.98352904;84;8197148672;541167616
31/03/2017;15:20:49;-3.11561999;-59.98352566;84;8197148672;541167616
31/03/2017;15:20:54;-3.11561999;-59.98352566;84;8197148672;541167616
31/03/2017;15:20:59;-3.11561946;-59.98352927;84;8197148672;541167616
31/03/2017;15:21:04;-3.11562311;-59.98353676;84;8197148672;541167616
31/03/2017;15:21:09;-3.1156262;-59.98354171;84;8197148672;541167616
31/03/2017;15:21:14;-3.1156333;-59.98354747;84;8197148672;541167616
31/03/2017;15:21:19;-3.11563863;-59.98354943;84;8197144576;541167616
31/03/2017;15:21:24;-3.11564103;-59.98355026;84;8197144576;541167616
31/03/2017;15:21:29;-3.11563871;-59.98354457;84;8197144576;541167616
31/03/2017;15:21:34;-3.11563609;-59.98354184;84;8197144576;541167616
31/03/2017;15:21:39;-3.11563757;-59.98354175;84;8197132288;541167616
31/03/2017;15:21:45;-3.11563595;-59.98354148;84;8197140480;541167616
31/03/2017;15:21:50;-3.11563631;-59.98354137;84;8197140480;541167616
31/03/2017;15:21:55;-3.11563609;-59.98354116;84;8197136384;541167616
31/03/2017;15:22:00;-3.11563605;-59.98354111;84;8197132288;541167616
31/03/2017;15:22:05;-3.11563605;-59.98354112;84;8197132288;541167616
31/03/2017;15:22:10;-3.11563439;-59.98354075;84;8197132288;541167616
31/03/2017;15:22:15;-3.11563436;-59.98354073;84;8197132288;541167616
31/03/2017;15:22:20;-3.11563427;-59.98354076;84;8197132288;541167616
31/03/2017;15:22:25;-3.11563364;-59.98354067;84;8197132288;541167616
31/03/2017;15:22:30;-3.1156335;-59.98354076;84;8197132288;541167616
31/03/2017;15:22:35;-3.11563308;-59.9835405;84;8197132288;541167616
31/03/2017;15:22:40;-3.11563306;-59.98354051;84;8197132288;541167616
31/03/2017;15:22:45;-3.11563293;-59.9835404;84;8197107712;541167616
31/03/2017;15:22:50;-3.11563291;-59.98354042;84;8197124096;541167616
31/03/2017;15:22:55;-3.11563333;-59.98354071;84;8197124096;541167616
31/03/2017;15:23:00;-3.11563373;-59.98354111;84;8197124096;541167616
31/03/2017;15:23:05;-3.11563373;-59.98354111;84;8197124096;541167616
31/03/2017;15:23:10;-3.11562624;-59.98354063;84;8197124096;541167616
31/03/2017;15:23:15;-3.11562624;-59.98354063;84;8197124096;541167616
31/03/2017;15:23:20;-3.11561666;-59.98354072;84;8197124096;541167616
31/03/2017;15:23:25;-3.11555588;-59.98359265;84;8197124096;541167616
31/03/2017;15:23:30;-3.11550151;-59.98366588;84;8197124096;541167616
31/03/2017;15:23:35;-3.11545996;-59.98365575;84;8197124096;541167616
31/03/2017;15:23:40;-3.11544273;-59.98365869;84;8197115904;541167616
31/03/2017;15:23:45;-3.11543122;-59.9836572;84;8197115904;541167616
31/03/2017;15:23:50;-3.11542864;-59.98365932;84;8197095424;541167616
31/03/2017;15:23:55;-3.11543416;-59.98365361;84;8197103616;541167616
31/03/2017;15:24:00;-3.11544758;-59.98366697;83;8197099520;541167616
31/03/2017;15:24:05;-3.11545271;-59.9836686;83;8197099520;541167616
31/03/2017;15:24:11;-3.11545221;-59.98366963;83;8197099520;541167616
31/03/2017;15:24:16;-3.11544993;-59.98366432;83;8197099520;541167616
31/03/2017;15:24:21;-3.11545673;-59.98367536;83;8197099520;541167616
31/03/2017;15:24:26;-3.11545954;-59.98367864;83;8197099520;541167616
31/03/2017;15:24:31;-3.11546159;-59.98368086;83;8197087232;541167616
31/03/2017;15:24:36;-3.11546231;-59.98368136;83;8197099520;541167616
31/03/2017;15:24:41;-3.11546234;-59.98368114;83;8197099520;541167616
31/03/2017;15:24:46;-3.11546281;-59.98368166;83;8197099520;541167616
31/03/2017;15:24:51;-3.11546312;-59.98368167;83;8197087232;541167616
31/03/2017;15:24:56;-3.11546302;-59.98368155;83;8197095424;541167616
31/03/2017;15:25:01;-3.11546293;-59.98368142;83;8197095424;541167616
31/03/2017;15:25:06;-3.11546326;-59.98368156;83;8197095424;541167616
31/03/2017;15:25:11;-3.11546304;-59.98368103;83;8197095424;541167616
31/03/2017;15:25:16;-3.11546323;-59.98368101;83;8197095424;541167616
31/03/2017;15:25:21;-3.1154633;-59.98368066;83;8197087232;541167616
31/03/2017;15:25:26;-3.11546349;-59.98368069;83;8197087232;541167616
31/03/2017;15:25:31;-3.11546368;-59.98368071;83;8197087232;541167616
31/03/2017;15:25:36;-3.1154637;-59.98368064;83;8197087232;541167616
31/03/2017;15:25:41;-3.11546391;-59.98368066;83;8197087232;541167616
31/03/2017;15:25:46;-3.11546399;-59.9836807;83;8197087232;541167616
31/03/2017;15:25:51;-3.11546534;-59.98366927;83;8197070848;541167616
31/03/2017;15:25:56;-3.11546773;-59.98366032;83;8197079040;541167616
31/03/2017;15:26:01;-3.11547204;-59.98365557;83;8197079040;541167616
31/03/2017;15:26:06;-3.11546792;-59.98364544;83;8197079040;541167616
31/03/2017;15:26:11;-3.11546526;-59.98364429;83;8197079040;541167616
31/03/2017;15:26:16;-3.1154601;-59.98364598;83;8197079040;541167616
31/03/2017;15:26:21;-3.11545779;-59.98364459;83;8197079040;541167616
31/03/2017;15:26:26;-3.11545812;-59.98364456;83;8197079040;541167616
31/03/2017;15:26:31;-3.11545862;-59.98364745;83;8197074944;541167616
31/03/2017;15:26:36;-3.11545691;-59.98364318;83;8197074944;541167616
31/03/2017;15:26:41;-3.11545684;-59.98364321;83;8197074944;541167616
31/03/2017;15:26:46;-3.11545688;-59.98364309;83;8197074944;541167616
31/03/2017;15:26:52;-3.11545672;-59.98364274;83;8197062656;541167616
31/03/2017;15:26:57;-3.11545675;-59.98364272;83;8197070848;541167616
31/03/2017;15:27:02;-3.11545677;-59.98364267;83;8197062656;541167616
31/03/2017;15:27:07;-3.11545682;-59.98364261;83;8197062656;541167616
31/03/2017;15:27:12;-3.11545664;-59.98364187;83;8197062656;541167616
31/03/2017;15:27:17;-3.11545669;-59.98364178;83;8197062656;541167616
31/03/2017;15:27:22;-3.11545677;-59.98364173;83;8197062656;541167616
31/03/2017;15:27:27;-3.11545677;-59.98364173;83;8197062656;541167616
31/03/2017;15:27:32;-3.11545678;-59.98364173;83;8197062656;541167616
31/03/2017;15:27:37;-3.11545684;-59.98364173;83;8197062656;541167616
31/03/2017;15:27:42;-3.11545685;-59.98364172;83;8197029888;541167616
31/03/2017;15:27:47;-3.11545689;-59.98364168;83;8197025792;541167616
31/03/2017;15:27:52;-3.1154569;-59.98364168;83;8197029888;541167616
31/03/2017;15:27:57;-3.11545691;-59.98364171;83;8197025792;541167616
31/03/2017;15:28:02;-3.1154569;-59.9836417;82;8197005312;541167616
31/03/2017;15:28:07;-3.11545691;-59.98364168;82;8197021696;541167616
31/03/2017;15:28:12;-3.11545711;-59.98363892;82;8197005312;541167616
31/03/2017;15:28:17;-3.11545739;-59.98363917;82;8197005312;541167616
31/03/2017;15:28:22;-3.11545638;-59.98363852;82;8197013504;541167616
31/03/2017;15:28:27;-3.11545575;-59.98363703;82;8197013504;541167616
31/03/2017;15:28:32;-3.11545751;-59.98363396;82;8197013504;541167616
31/03/2017;15:28:37;-3.11545959;-59.98363264;82;8197013504;541167616
31/03/2017;15:28:42;-3.1154598;-59.98362728;82;8196988928;541167616
31/03/2017;15:28:47;-3.11546105;-59.98362689;82;8197001216;541167616
31/03/2017;15:28:52;-3.11546096;-59.98362621;82;8197001216;541167616
31/03/2017;15:28:57;-3.11546145;-59.98362394;82;8197001216;541167616
31/03/2017;15:29:02;-3.11545992;-59.98361739;82;8197001216;541167616
31/03/2017;15:29:07;-3.11546012;-59.98361738;82;8196988928;541167616
31/03/2017;15:29:12;-3.11546003;-59.98361647;82;8196988928;541167616
31/03/2017;15:29:18;-3.11546007;-59.98361627;82;8196993024;541167616
31/03/2017;15:29:23;-3.11546007;-59.98361624;82;8196993024;541167616
31/03/2017;15:29:28;-3.1154601;-59.98361623;82;8196993024;541167616
31/03/2017;15:29:33;-3.11546016;-59.98361619;82;8196993024;541167616
31/03/2017;15:29:38;-3.11546016;-59.98361617;82;8196993024;541167616
31/03/2017;15:29:43;-3.11546019;-59.98361613;82;8196976640;541167616
31/03/2017;15:29:48;-3.11546016;-59.9836161;82;8196984832;541167616
31/03/2017;15:29:53;-3.11546013;-59.98361606;82;8196988928;541167616
31/03/2017;15:29:58;-3.1154601;-59.98361605;82;8196988928;541167616
31/03/2017;15:30:03;-3.1154601;-59.98361602;82;8196988928;541167616
31/03/2017;15:30:08;-3.11546008;-59.98361599;82;8196976640;541167616
31/03/2017;15:30:13;-3.11546009;-59.98361597;82;8196980736;541167616
31/03/2017;15:30:18;-3.11546009;-59.98361593;82;8196980736;541167616
31/03/2017;15:30:23;-3.11546008;-59.98361589;82;8196976640;541167616
31/03/2017;15:30:28;-3.11546008;-59.98361587;82;8196976640;541167616
31/03/2017;15:30:33;-3.11546005;-59.98361581;82;8196976640;541167616
31/03/2017;15:30:38;-3.11546004;-59.98361583;82;8196976640;541167616
31/03/2017;15:30:43;-3.0816838;-59.9714591;82;8196960256;541167616
31/03/2017;15:30:48;-3.11545402;-59.98361524;82;8196968448;541167616
31/03/2017;15:30:53;-3.11545131;-59.98361526;82;8196972544;541167616
31/03/2017;15:30:58;-3.11545093;-59.98361371;82;8196972544;541167616
31/03/2017;15:31:03;-3.11545093;-59.98361373;82;8196972544;541167616
31/03/2017;15:31:08;-3.11545271;-59.98361277;82;8196960256;541167616
31/03/2017;15:31:13;-3.11545582;-59.98361263;82;8196964352;541167616
31/03/2017;15:31:18;-3.11545934;-59.98361332;82;8196964352;541167616
31/03/2017;15:31:23;-3.1154617;-59.98361249;82;8196956160;541167616
31/03/2017;15:31:28;-3.11546367;-59.98361237;82;8196964352;541167616
31/03/2017;15:31:33;-3.1154652;-59.98361217;82;8196956160;541167616
31/03/2017;15:31:38;-3.115465;-59.98361216;82;8196956160;541167616
31/03/2017;15:31:43;-3.1154646;-59.98361031;82;8196943872;541167616
31/03/2017;15:31:48;-3.11546478;-59.98360992;82;8196943872;541167616
31/03/2017;15:31:53;-3.11546491;-59.98360939;82;8196927488;541167616
31/03/2017;15:31:58;-3.11546502;-59.98360916;82;8196939776;541167616
31/03/2017;15:32:03;-3.11546503;-59.98360907;82;8196939776;541167616
31/03/2017;15:32:08;-3.11546505;-59.98360902;82;8196927488;541167616
31/03/2017;15:32:14;-3.11546506;-59.983609;82;8196935680;541167616
31/03/2017;15:32:19;-3.11546507;-59.98360895;82;8196923392;541167616
31/03/2017;15:32:24;-3.11546509;-59.98360893;82;8196931584;541167616
31/03/2017;15:32:29;-3.11546509;-59.98360891;82;8196931584;541167616
31/03/2017;15:32:34;-3.11546509;-59.98360886;82;8196931584;541167616
31/03/2017;15:32:39;-3.11546509;-59.98360886;82;8196931584;541167616
31/03/2017;15:32:44;-3.11546509;-59.98360886;82;8196931584;541167616
31/03/2017;15:32:49;-3.11546509;-59.98360886;82;8196931584;541167616
31/03/2017;15:32:54;-3.11546508;-59.98360885;82;8196931584;541167616
31/03/2017;15:32:59;-3.11546509;-59.98360886;82;8196931584;541167616
31/03/2017;15:33:04;-3.11546513;-59.98360886;82;8196919296;541167616
31/03/2017;15:33:09;-3.11546517;-59.9836089;81;8196923392;541167616
31/03/2017;15:33:14;-3.11546519;-59.98360889;81;8196923392;541167616
31/03/2017;15:33:19;-3.11546518;-59.98360888;81;8196911104;541167616
31/03/2017;15:33:24;-3.11546518;-59.98360886;81;8196919296;541167616
31/03/2017;15:33:29;-3.11546518;-59.98360885;81;8196919296;541167616
31/03/2017;15:33:34;-3.11546518;-59.98360884;81;8196911104;541167616
31/03/2017;15:33:39;-3.11546518;-59.98360885;81;8196911104;541167616
31/03/2017;15:33:44;-3.11546518;-59.98360884;81;8196911104;541167616
31/03/2017;15:33:49;-3.11546518;-59.98360882;81;8196898816;541167616
31/03/2017;15:33:54;-3.11546303;-59.98360847;81;8196907008;541167616
31/03/2017;15:33:59;-3.1154618;-59.98360816;81;8196898816;541167616
31/03/2017;15:34:04;-3.11545933;-59.98360795;81;8196898816;541167616
31/03/2017;15:34:09;-3.11545905;-59.9836073;81;8196898816;541167616
31/03/2017;15:34:14;-3.11545506;-59.98360774;81;8196886528;541167616
31/03/2017;15:34:19;-3.11545176;-59.9836059;81;8196894720;541167616
31/03/2017;15:34:24;-3.11545037;-59.98360638;81;8196894720;541167616
31/03/2017;15:34:29;-3.11544841;-59.98360638;81;8196894720;541167616
31/03/2017;15:34:34;-3.11544861;-59.9836063;81;8196894720;541167616
31/03/2017;15:34:39;-3.11544892;-59.98360603;81;8196894720;541167616
31/03/2017;15:34:44;-3.11544814;-59.98360604;81;8196894720;541167616
31/03/2017;15:34:49;-3.11544779;-59.98360607;81;8196882432;541167616
31/03/2017;15:34:54;-3.11544762;-59.98360609;81;8196890624;541167616
31/03/2017;15:35:00;-3.11544757;-59.98360609;81;8196890624;541167616
31/03/2017;15:35:05;-3.11544758;-59.98360618;81;8196890624;541167616
31/03/2017;15:35:10;-3.11544757;-59.98360618;81;8196890624;541167616
31/03/2017;15:35:15;-3.11544756;-59.98360617;81;8196874240;541167616
31/03/2017;15:35:20;-3.11544757;-59.98360618;81;8196857856;541167616
31/03/2017;15:35:25;-3.11544752;-59.98360616;81;8196866048;541167616
31/03/2017;15:35:30;-3.11544748;-59.98360616;81;8196866048;541167616
31/03/2017;15:35:35;-3.11544746;-59.98360615;81;8196866048;541167616
31/03/2017;15:35:40;-3.11544746;-59.98360615;81;8196866048;541167616
31/03/2017;15:35:45;-3.11544745;-59.98360615;81;8196866048;541167616
31/03/2017;15:35:50;-3.11544748;-59.98360614;81;8196866048;541167616
31/03/2017;15:35:55;-3.11544751;-59.98360614;81;8196866048;541167616
31/03/2017;15:36:00;-3.11544752;-59.98360601;81;8196866048;541167616
31/03/2017;15:36:05;-3.11558046;-59.98358642;81;8196866048;541167616
31/03/2017;15:36:10;-3.11574099;-59.98363736;80;8196866048;541167616
31/03/2017;15:36:15;-3.11598459;-59.98379483;80;8196866048;541167616
31/03/2017;15:36:20;-3.11641068;-59.98405562;80;8196849664;541167616
31/03/2017;15:36:25;-3.11652452;-59.9841156;80;8196853760;541167616
31/03/2017;15:36:30;-3.11674185;-59.98396524;80;8196853760;541167616
31/03/2017;15:36:35;-3.11679707;-59.98364189;80;8196853760;541167616
31/03/2017;15:36:40;-3.11695389;-59.98340919;80;8196853760;541167616
31/03/2017;15:36:45;-3.11718785;-59.98341818;80;8196849664;541167616
31/03/2017;15:36:50;-3.11763912;-59.98358184;80;8196845568;541167616
31/03/2017;15:36:55;-3.11823947;-59.98372994;80;8196833280;541167616
31/03/2017;15:37:00;-3.11888544;-59.98398986;80;8196837376;541167616
31/03/2017;15:37:05;-3.11952616;-59.98424364;80;8196837376;541167616
31/03/2017;15:37:10;-3.12015721;-59.98447249;80;8196837376;541167616
31/03/2017;15:37:15;-3.12075713;-59.98472928;80;8196833280;541167616
31/03/2017;15:37:20;-3.12137846;-59.98498695;80;8196837376;541167616
31/03/2017;15:37:25;-3.12192446;-59.98516958;80;8196816896;541167616
31/03/2017;15:37:30;-3.12229896;-59.98532711;80;8196829184;541167616
31/03/2017;15:37:35;-3.12269754;-59.98558056;80;8196816896;541167616
31/03/2017;15:37:41;-3.12303;-59.98593292;80;8196825088;541167616
31/03/2017;15:37:46;-3.12319477;-59.98621717;80;8196825088;541167616
31/03/2017;15:37:51;-3.12335702;-59.98645876;80;8196825088;541167616
31/03/2017;15:37:56;-3.12349264;-59.98667652;80;8196808704;541167616
31/03/2017;15:38:01;-3.12370053;-59.98694626;80;8196820992;541167616
31/03/2017;15:38:06;-3.12395305;-59.98724656;80;8196820992;541167616
31/03/2017;15:38:11;-3.12406501;-59.98754406;80;8196820992;541167616
31/03/2017;15:38:16;-3.12429195;-59.9878959;80;8196820992;541167616
31/03/2017;15:38:21;-3.12457325;-59.9882983;80;8196820992;541167616
31/03/2017;15:38:26;-3.12484525;-59.98882649;80;8196800512;541167616
31/03/2017;15:38:31;-3.12494496;-59.98907399;80;8196812800;541167616
31/03/2017;15:38:36;-3.1249926;-59.98919843;80;8196804608;541167616
31/03/2017;15:38:41;-3.12499419;-59.98949111;80;8196792320;541167616
31/03/2017;15:38:46;-3.12508001;-59.98969678;80;8196800512;541167616
31/03/2017;15:38:51;-3.1251796;-59.99008584;80;8196800512;541167616
31/03/2017;15:38:56;-3.12534062;-59.9905254;80;8196784128;541167616
31/03/2017;15:39:01;-3.12546152;-59.9910636;80;8196792320;541167616
31/03/2017;15:39:06;-3.12543488;-59.9916272;80;8196792320;541167616
31/03/2017;15:39:11;-3.1253877;-59.99227537;80;8196792320;541167616
31/03/2017;15:39:16;-3.12537392;-59.99288262;80;8196792320;541167616
31/03/2017;15:39:21;-3.12543321;-59.9935332;80;8196845568;541167616
31/03/2017;15:39:26;-3.12558297;-59.99426908;80;8196825088;541167616
31/03/2017;15:39:31;-3.1254463;-59.9947081;80;8196837376;541167616
31/03/2017;15:39:36;-3.12532746;-59.9952144;80;8196837376;541167616
31/03/2017;15:39:41;-3.12531886;-59.99540684;80;8196837376;541167616
31/03/2017;15:39:46;-3.12528571;-59.99568087;80;8196833280;541167616
31/03/2017;15:39:51;-3.12527694;-59.99584742;80;8196833280;541167616
31/03/2017;15:39:56;-3.12526221;-59.99617259;80;8196816896;541167616
31/03/2017;15:40:01;-3.1252529;-59.99661256;80;8196829184;541167616
31/03/2017;15:40:06;-3.12523451;-59.99701959;80;8196808704;541167616
31/03/2017;15:40:11;-3.12522563;-59.99764879;80;8196812800;541167616
31/03/2017;15:40:17;-3.12524236;-59.99798693;80;8196812800;541167616
31/03/2017;15:40:22;-3.12520873;-59.99845104;80;8196812800;541167616
31/03/2017;15:40:27;-3.12516971;-59.9990178;80;8196796416;541167616
31/03/2017;15:40:32;-3.1250595;-59.99971547;80;8196788224;541167616
31/03/2017;15:40:37;-3.12494326;-60.00015858;80;8196796416;541167616
31/03/2017;15:40:42;-3.12482862;-60.00062921;80;8196796416;541167616
31/03/2017;15:40:47;-3.12471988;-60.001119;80;8196796416;541167616
31/03/2017;15:40:52;-3.12468935;-60.00159204;80;8196796416;541167616
31/03/2017;15:40:57;-3.12461754;-60.00201768;80;8196780032;541167616
31/03/2017;15:41:02;-3.12456537;-60.00238915;80;8196792320;541167616
31/03/2017;15:41:07;-3.12461984;-60.0026097;80;8196792320;541167616
31/03/2017;15:41:12;-3.12460944;-60.00296695;80;8196788224;541167616
31/03/2017;15:41:17;-3.12459854;-60.00334008;79;8196775936;541167616
31/03/2017;15:41:22;-3.12453074;-60.00363746;79;8196788224;541167616
31/03/2017;15:41:27;-3.1245632;-60.00382252;79;8196784128;541167616
31/03/2017;15:41:32;-3.12458071;-60.00401864;79;8196788224;541167616
31/03/2017;15:41:37;-3.12460417;-60.00419214;79;8196775936;541167616
31/03/2017;15:41:42;-3.12462129;-60.00442538;79;8196775936;541167616
31/03/2017;15:41:47;-3.12455974;-60.00448255;79;8196775936;541167616
31/03/2017;15:41:52;-3.12454574;-60.00447487;79;8196747264;541167616
31/03/2017;15:41:57;-3.12454578;-60.00449146;79;8196747264;541167616
31/03/2017;15:42:02;-3.12455008;-60.00449344;79;8196759552;541167616
31/03/2017;15:42:07;-3.12456168;-60.00447128;79;8196759552;541167616
31/03/2017;15:42:12;-3.12455982;-60.00447045;79;8196759552;541167616
31/03/2017;15:42:17;-3.12455896;-60.00448096;79;8196759552;541167616
31/03/2017;15:42:22;-3.12455863;-60.00448466;79;8196759552;541167616
31/03/2017;15:42:27;-3.12455919;-60.00448334;79;8196751360;541167616
31/03/2017;15:42:32;-3.12456371;-60.00448138;79;8196751360;541167616
31/03/2017;15:42:37;-3.12457649;-60.00447596;79;8196743168;541167616
31/03/2017;15:42:42;-3.12457645;-60.00447605;79;8196751360;541167616
31/03/2017;15:42:47;-3.12460836;-60.00448061;79;8196751360;541167616
31/03/2017;15:42:52;-3.12504469;-60.00464274;79;8196751360;541167616
31/03/2017;15:42:58;-3.12555965;-60.00471142;79;8196739072;541167616
31/03/2017;15:43:03;-3.12612606;-60.00476142;79;8196743168;541167616
31/03/2017;15:43:08;-3.12651279;-60.00481392;79;8196747264;541167616
31/03/2017;15:43:13;-3.12677496;-60.00478683;79;8196747264;541167616
31/03/2017;15:43:18;-3.1268743;-60.00486735;79;8196743168;541167616
31/03/2017;15:43:23;-3.12692561;-60.00493404;79;8196743168;541167616
31/03/2017;15:43:28;-3.12689341;-60.00498004;79;8196743168;541167616
31/03/2017;15:43:33;-3.12687668;-60.00490759;79;8196739072;541167616
31/03/2017;15:43:38;-3.12688767;-60.00480478;79;8196743168;541167616
31/03/2017;15:43:43;-3.12700824;-60.00481686;79;8196730880;541167616
31/03/2017;15:43:48;-3.12728433;-60.00480804;79;8196739072;541167616
31/03/2017;15:43:53;-3.1275791;-60.00478241;79;8196739072;541167616
31/03/2017;15:43:58;-3.12789005;-60.00486117;79;8196726784;541167616
31/03/2017;15:44:03;-3.12819003;-60.00492246;79;8196722688;541167616
31/03/2017;15:44:08;-3.12826864;-60.00498971;79;8196730880;541167616
31/03/2017;15:44:13;-3.12839988;-60.00493317;79;8196665344;541167616
31/03/2017;15:44:18;-3.12863144;-60.00474032;79;8196681728;541167616
31/03/2017;15:44:23;-3.12863144;-60.00474032;79;8196677632;541167616
31/03/2017;15:44:28;-3.12835744;-60.00482421;79;8196665344;541167616
31/03/2017;15:44:33;-3.12839517;-60.00487664;79;8196665344;541167616
31/03/2017;15:44:38;-3.12842472;-60.00486568;79;8196677632;541167616
31/03/2017;15:44:43;-3.12845675;-60.00490034;79;8196669440;541167616
31/03/2017;15:44:48;-3.12843601;-60.00494669;79;8196677632;541167616
31/03/2017;15:44:53;-3.12842981;-60.00500015;79;8196677632;541167616
31/03/2017;15:44:58;-3.12848738;-60.00495865;79;8196677632;541167616
31/03/2017;15:45:03;-3.12856263;-60.00501273;79;8196661248;541167616
31/03/2017;15:45:08;-3.12863555;-60.00504225;79;8196665344;541167616
31/03/2017;15:45:13;-3.12868931;-60.00534937;79;8196657152;541167616
31/03/2017;15:45:19;-3.12869865;-60.00546821;78;8196657152;541167616
31/03/2017;15:45:24;-3.12875121;-60.00561428;78;8196657152;541167616
31/03/2017;15:45:29;-3.12874236;-60.00556972;78;8196644864;541167616
31/03/2017;15:45:34;-3.12865308;-60.0055031;78;8196653056;541167616
31/03/2017;15:45:39;-3.12864694;-60.00551183;78;8196653056;541167616
31/03/2017;15:45:44;-3.12862853;-60.00552809;78;8196653056;541167616
31/03/2017;15:45:49;-3.12855615;-60.00558591;78;8196653056;541167616
31/03/2017;15:45:54;-3.12851302;-60.00559212;78;8196648960;541167616
31/03/2017;15:45:59;-3.0787001;-59.9631159;78;8196644864;541167616
31/03/2017;15:46:04;-3.128572;-60.00554823;78;8196644864;541167616
31/03/2017;15:46:09;-3.0787001;-59.9631159;78;8196644864;541167616
31/03/2017;15:46:14;-3.12854943;-60.00552666;78;8196644864;541167616
31/03/2017;15:46:19;-3.12854943;-60.00552666;78;8196644864;541167616
31/03/2017;15:46:24;-3.1285648;-60.00552223;78;8196644864;541167616
31/03/2017;15:46:29;-3.12857968;-60.00551834;78;8196644864;541167616
31/03/2017;15:46:34;-3.12856834;-60.00552186;78;8196644864;541167616
31/03/2017;15:46:39;-3.12856834;-60.00552186;78;8196644864;541167616
31/03/2017;15:46:44;-3.1285628;-60.00552644;78;8196640768;541167616
31/03/2017;15:46:49;-3.12855807;-60.00553294;78;8196632576;541167616
31/03/2017;15:46:54;-3.12857827;-60.00553702;78;8196632576;541167616
31/03/2017;15:46:59;-3.12858496;-60.00554701;78;8196620288;541167616
31/03/2017;15:47:04;-3.12858846;-60.0055434;78;8196628480;541167616
31/03/2017;15:47:09;-3.128581;-60.00554347;78;8196628480;541167616
31/03/2017;15:47:14;-3.12855768;-60.00554592;78;8196628480;541167616
31/03/2017;15:47:19;-3.1285684;-60.00554048;78;8196628480;541167616
31/03/2017;15:47:24;-3.12856516;-60.00554967;78;8196628480;541167616
31/03/2017;15:47:29;-3.12857492;-60.00555125;78;8196628480;541167616
31/03/2017;15:47:34;-3.12857941;-60.005552;78;8196628480;541167616
31/03/2017;15:47:39;-3.12858142;-60.00555688;78;8196628480;541167616
31/03/2017;15:47:44;-3.12858216;-60.00556149;78;8196628480;541167616
31/03/2017;15:47:49;-3.12858456;-60.00556307;78;8196620288;541167616
31/03/2017;15:47:54;-3.12858452;-60.0055635;78;8196620288;541167616
31/03/2017;15:47:59;-3.12858424;-60.00556361;78;8196620288;541167616
31/03/2017;15:48:05;-3.12858426;-60.00556363;78;8196603904;541167616
31/03/2017;15:48:10;-3.12858428;-60.00556362;78;8196591616;541167616
31/03/2017;15:48:15;-3.12858426;-60.00556361;78;8196583424;541167616
31/03/2017;15:48:20;-3.12858472;-60.00556356;78;8196583424;541167616
31/03/2017;15:48:25;-3.12858471;-60.00556355;78;8196575232;541167616
31/03/2017;15:48:30;-3.12858464;-60.00556377;78;8196575232;541167616
31/03/2017;15:48:35;-3.12858476;-60.00556384;78;8196575232;541167616
31/03/2017;15:48:40;-3.12858476;-60.00556387;78;8196575232;541167616
31/03/2017;15:48:45;-3.12858474;-60.00556388;78;8196575232;541167616
31/03/2017;15:48:50;-3.12858454;-60.00556388;78;8196571136;541167616
31/03/2017;15:48:55;-3.12858453;-60.00556392;78;8196571136;541167616
31/03/2017;15:49:00;-3.12858443;-60.00556389;78;8196571136;541167616
31/03/2017;15:49:05;-3.12858442;-60.00556389;78;8196567040;541167616
31/03/2017;15:49:10;-3.12858437;-60.00556386;78;8196567040;541167616
31/03/2017;15:49:15;-3.12858437;-60.00556387;78;8196567040;541167616
31/03/2017;15:49:20;-3.12858433;-60.00556386;77;8196567040;541167616
31/03/2017;15:49:25;-3.12858394;-60.00556337;77;8196571136;541167616
31/03/2017;15:49:30;-3.12858301;-60.00556342;77;8196571136;541167616
31/03/2017;15:49:35;-3.12858433;-60.00556148;77;8196562944;541167616
31/03/2017;15:49:40;-3.12858496;-60.00555991;77;8196567040;541167616
31/03/2017;15:49:45;-3.12858281;-60.00555918;77;8196567040;541167616
31/03/2017;15:49:50;-3.12858334;-60.00555641;77;8196554752;541167616
31/03/2017;15:49:55;-3.12858192;-60.00555617;77;8196562944;541167616
31/03/2017;15:50:00;-3.12858104;-60.00555477;77;8196562944;541167616
31/03/2017;15:50:05;-3.12857816;-60.0055543;77;8196554752;541167616
31/03/2017;15:50:10;-3.12857732;-60.00555503;77;8196558848;541167616
31/03/2017;15:50:15;-3.1285793;-60.00555488;77;8196558848;541167616
31/03/2017;15:50:20;-3.12858393;-60.00555388;77;8196558848;541167616
31/03/2017;15:50:26;-3.12858586;-60.0055533;77;8196554752;541167616
31/03/2017;15:50:31;-3.12858591;-60.00555326;77;8196554752;541167616
31/03/2017;15:50:36;-3.12858598;-60.00555318;77;8196546560;541167616
31/03/2017;15:50:41;-3.1285861;-60.00555313;77;8196550656;541167616
31/03/2017;15:50:46;-3.12858625;-60.00555308;77;8196550656;541167616
31/03/2017;15:50:51;-3.12858641;-60.00555303;77;8196538368;541167616
31/03/2017;15:50:56;-3.12858656;-60.00555298;77;8196546560;541167616
31/03/2017;15:51:01;-3.12858664;-60.00555297;77;8196546560;541167616
31/03/2017;15:51:06;-3.12857737;-60.00555147;77;8196538368;541167616
31/03/2017;15:51:11;-3.12858203;-60.00554627;77;8196542464;541167616
31/03/2017;15:51:16;-3.1285614;-60.00552973;77;8196542464;541167616
31/03/2017;15:51:21;-3.12853984;-60.00553013;77;8196542464;541167616
31/03/2017;15:51:26;-3.12855773;-60.00552869;77;8196542464;541167616
31/03/2017;15:51:31;-3.12854877;-60.00553079;77;8196542464;541167616
31/03/2017;15:51:36;-3.1285476;-60.00552646;77;8196538368;541167616
31/03/2017;15:51:41;-3.12855641;-60.00552689;77;8196542464;541167616
31/03/2017;15:51:46;-3.12855479;-60.00552736;77;8196538368;541167616
31/03/2017;15:51:51;-3.12857954;-60.00552031;77;8196534272;541167616
31/03/2017;15:51:56;-3.12858787;-60.00552025;77;8196521984;541167616
31/03/2017;15:52:01;-3.12859757;-60.00551951;77;8196530176;541167616
31/03/2017;15:52:06;-3.12859818;-60.00551822;77;8196513792;541167616
31/03/2017;15:52:11;-3.12859826;-60.00552187;77;8196526080;541167616
31/03/2017;15:52:16;-3.12859528;-60.00552267;77;8196526080;541167616
31/03/2017;15:52:21;-3.12858528;-60.00552879;77;8196526080;541167616
31/03/2017;15:52:26;-3.12859762;-60.0055326;77;8196526080;541167616
31/03/2017;15:52:31;-3.12860531;-60.00553614;77;8196526080;541167616
31/03/2017;15:52:36;-3.12859877;-60.00553726;77;8196521984;541167616
31/03/2017;15:52:41;-3.12859155;-60.00553942;77;8196526080;541167616
31/03/2017;15:52:46;-3.12859154;-60.00553926;77;8196526080;541167616
31/03/2017;15:52:51;-3.12859659;-60.00553834;77;8196526080;541167616
31/03/2017;15:52:57;-3.12859781;-60.00553737;77;8196501504;541167616
31/03/2017;15:53:02;-3.12859772;-60.00553748;77;8196509696;541167616
31/03/2017;15:53:07;-3.12859772;-60.00553748;77;8196493312;541167616
31/03/2017;15:53:12;-3.12859755;-60.00553752;77;8196505600;541167616
31/03/2017;15:53:17;-3.12859737;-60.00553757;77;8196505600;541167616
31/03/2017;15:53:22;-3.12859738;-60.00553757;77;8196505600;541167616
31/03/2017;15:53:27;-3.12859745;-60.00553754;76;8196497408;541167616
31/03/2017;15:53:32;-3.12859786;-60.00553744;76;8196497408;541167616
31/03/2017;15:53:37;-3.12859782;-60.0055374;76;8196493312;541167616
31/03/2017;15:53:42;-3.12859938;-60.00553731;76;8196485120;541167616
31/03/2017;15:53:47;-3.12859943;-60.00553731;76;8196493312;541167616
31/03/2017;15:53:52;-3.12859826;-60.00553755;76;8196493312;541167616
31/03/2017;15:53:57;-3.12859409;-60.00553845;76;8196481024;541167616
31/03/2017;15:54:02;-3.12859532;-60.00553881;76;8196489216;541167616
31/03/2017;15:54:07;-3.12859587;-60.00557522;76;8196472832;541167616
31/03/2017;15:54:12;-3.12858344;-60.00627255;76;8196485120;541167616
31/03/2017;15:54:17;-3.12829313;-60.00635673;76;8196485120;541167616
31/03/2017;15:54:22;-3.12803247;-60.00631483;76;8196485120;541167616
31/03/2017;15:54:27;-3.12763172;-60.00626141;76;8196485120;541167616
31/03/2017;15:54:32;-3.12703567;-60.00621124;76;8196485120;541167616
31/03/2017;15:54:37;-3.12645562;-60.00623619;76;8196468736;541167616
31/03/2017;15:54:42;-3.12589161;-60.00609081;76;8196481024;541167616
31/03/2017;15:54:47;-3.12528668;-60.00608098;76;8196481024;541167616
31/03/2017;15:54:52;-3.12492158;-60.00606792;76;8196481024;541167616
31/03/2017;15:54:57;-3.12475923;-60.0060596;76;8196460544;541167616
31/03/2017;15:55:02;-3.12475219;-60.00610294;76;8196468736;541167616
31/03/2017;15:55:07;-3.12474549;-60.00610405;76;8196460544;541167616
31/03/2017;15:55:12;-3.12473751;-60.00611549;76;8196464640;541167616
31/03/2017;15:55:17;-3.12473633;-60.00611131;76;8196464640;541167616
31/03/2017;15:55:23;-3.12473186;-60.0061096;76;8196464640;541167616
31/03/2017;15:55:28;-3.1247326;-60.00611454;76;8196464640;541167616
31/03/2017;15:55:33;-3.1247322;-60.00611279;76;8196464640;541167616
31/03/2017;15:55:38;-3.12457761;-60.00612027;76;8196444160;541167616
31/03/2017;15:55:43;-3.12408977;-60.00604629;76;8196452352;541167616
31/03/2017;15:55:48;-3.12352074;-60.0060546;76;8196456448;541167616
31/03/2017;15:55:53;-3.12296282;-60.00597913;76;8196456448;541167616
31/03/2017;15:55:58;-3.1224214;-60.00583667;76;8196440064;541167616
31/03/2017;15:56:03;-3.12195388;-60.0058632;76;8196448256;541167616
31/03/2017;15:56:08;-3.12167373;-60.0058181;76;8196431872;541167616
31/03/2017;15:56:13;-3.12161807;-60.00584918;76;8196444160;541167616
31/03/2017;15:56:18;-3.12153197;-60.00590188;76;8196444160;541167616
31/03/2017;15:56:23;-3.12152995;-60.00588819;76;8196444160;541167616
31/03/2017;15:56:28;-3.12137847;-60.00585128;76;8196444160;541167616
31/03/2017;15:56:33;-3.12103799;-60.00591055;76;8196444160;541167616
31/03/2017;15:56:38;-3.1210811;-60.0060325;76;8196440064;541167616
31/03/2017;15:56:43;-3.12100234;-60.00591025;76;8196440064;541167616
31/03/2017;15:56:48;-3.12098846;-60.00586671;76;8196431872;541167616
31/03/2017;15:56:53;-3.12096422;-60.00582189;76;8196431872;541167616
31/03/2017;15:56:58;-3.12085488;-60.00582583;76;8196435968;541167616
31/03/2017;15:57:03;-3.12078943;-60.00587464;76;8196419584;541167616
31/03/2017;15:57:08;-3.12073293;-60.00586471;76;8196403200;541167616
31/03/2017;15:57:13;-3.12076725;-60.00578292;76;8196419584;541167616
31/03/2017;15:57:18;-3.12065193;-60.0057806;76;8196423680;541167616
31/03/2017;15:57:23;-3.12041904;-60.00563736;76;8196423680;541167616
31/03/2017;15:57:28;-3.12022867;-60.00569863;75;8196411392;541167616
31/03/2017;15:57:33;-3.11976813;-60.0057732;75;8196411392;541167616
31/03/2017;15:57:38;-3.11932908;-60.00580791;75;8196407296;541167616
31/03/2017;15:57:43;-3.1189659;-60.00584928;75;8196407296;541167616
31/03/2017;15:57:48;-3.11862449;-60.00586346;75;8196411392;541167616
31/03/2017;15:57:53;-3.1181261;-60.00596986;75;8196411392;541167616
31/03/2017;15:57:58;-3.11765972;-60.00614533;75;8196395008;541167616
31/03/2017;15:58:03;-3.11726116;-60.00641814;75;8196403200;541167616
31/03/2017;15:58:09;-3.11693143;-60.00667329;75;8196386816;541167616
31/03/2017;15:58:14;-3.11673323;-60.00699867;75;8196395008;541167616
31/03/2017;15:58:19;-3.11658387;-60.0070198;75;8196399104;541167616
31/03/2017;15:58:24;-3.11669896;-60.00696107;75;8196399104;541167616
31/03/2017;15:58:29;-3.11670403;-60.00697958;75;8196390912;541167616
31/03/2017;15:58:34;-3.11654284;-60.00695773;75;8196390912;541167616
31/03/2017;15:58:39;-3.11648184;-60.00727441;75;8196374528;541167616
31/03/2017;15:58:44;-3.11623391;-60.00767701;75;8196374528;541167616
31/03/2017;15:58:49;-3.11605576;-60.00795659;75;8196386816;541167616
31/03/2017;15:58:54;-3.11586588;-60.00827743;75;8196386816;541167616
31/03/2017;15:58:59;-3.11567905;-60.0085755;75;8196386816;541167616
31/03/2017;15:59:04;-3.1155494;-60.00892831;75;8196366336;541167616
31/03/2017;15:59:09;-3.1154638;-60.00931338;75;8196370432;541167616
31/03/2017;15:59:14;-3.11516222;-60.00965511;75;8196374528;541167616
31/03/2017;15:59:19;-3.11495889;-60.00984558;75;8196374528;541167616
31/03/2017;15:59:24;-3.11486707;-60.01007188;75;8196374528;541167616
31/03/2017;15:59:29;-3.11481145;-60.0102093;75;8196374528;541167616
31/03/2017;15:59:34;-3.11476086;-60.01034341;75;8196374528;541167616
31/03/2017;15:59:39;-3.11478325;-60.01036891;75;8196358144;541167616
31/03/2017;15:59:44;-3.11477097;-60.01034344;75;8196370432;541167616
31/03/2017;15:59:49;-3.11477097;-60.01034344;75;8196370432;541167616
31/03/2017;15:59:54;-3.11480098;-60.01034813;75;8196370432;541167616
31/03/2017;15:59:59;-3.11480668;-60.01034051;75;8196370432;541167616
31/03/2017;16:00:04;-3.11481134;-60.01034341;75;8196366336;541167616
31/03/2017;16:00:09;-3.11480458;-60.01035149;75;8196337664;541167616
31/03/2017;16:00:14;-3.11480674;-60.01036162;75;8196349952;541167616
31/03/2017;16:00:19;-3.1148008;-60.01036485;75;8196345856;541167616
31/03/2017;16:00:24;-3.11479727;-60.01036075;75;8196345856;541167616
31/03/2017;16:00:29;-3.11479852;-60.0103565;75;8196345856;541167616
31/03/2017;16:00:34;-3.11473047;-60.0104612;75;8196345856;541167616
31/03/2017;16:00:39;-3.11442131;-60.01064158;75;8196341760;541167616
31/03/2017;16:00:44;-3.11405503;-60.01067564;75;8196345856;541167616
31/03/2017;16:00:49;-3.11379321;-60.01064792;75;8196345856;541167616
31/03/2017;16:00:55;-3.11378912;-60.01057394;75;8196345856;541167616
31/03/2017;16:01:00;-3.1137629;-60.01056198;75;8196345856;541167616
31/03/2017;16:01:05;-3.11376583;-60.01056326;75;8196341760;541167616
31/03/2017;16:01:10;-3.11375882;-60.01056214;75;8196325376;541167616
31/03/2017;16:01:15;-3.11373021;-60.01056181;75;8196337664;541167616
31/03/2017;16:01:20;-3.11324096;-60.01050301;75;8196337664;541167616
31/03/2017;16:01:25;-3.11315692;-60.01052632;75;8196333568;541167616
31/03/2017;16:01:30;-3.1131275;-60.01053208;75;8196333568;541167616
31/03/2017;16:01:35;-3.11312918;-60.01056756;75;8196333568;541167616
31/03/2017;16:01:40;-3.11295512;-60.01055452;75;8196329472;541167616
31/03/2017;16:01:45;-3.11268799;-60.01052749;75;8196333568;541167616
31/03/2017;16:01:50;-3.11234739;-60.01046983;75;8196317184;541167616
31/03/2017;16:01:55;-3.11196598;-60.01050178;75;8196317184;541167616
31/03/2017;16:02:00;-3.11163774;-60.0105268;75;8196317184;541167616
31/03/2017;16:02:05;-3.11137765;-60.01049724;75;8196308992;541167616
31/03/2017;16:02:10;-3.11109633;-60.01031032;75;8196296704;541167616
31/03/2017;16:02:15;-3.11088784;-60.01039535;75;8196292608;541167616
31/03/2017;16:02:20;-3.11059282;-60.01032838;75;8196300800;541167616
31/03/2017;16:02:25;-3.11014519;-60.01043151;75;8196300800;541167616
31/03/2017;16:02:30;-3.1097513;-60.01039178;75;8196300800;541167616
31/03/2017;16:02:35;-3.10953449;-60.0103063;74;8196300800;541167616
31/03/2017;16:02:40;-3.10941651;-60.01053507;74;8196300800;541167616
31/03/2017;16:02:45;-3.10933894;-60.01102677;74;8196292608;541167616
31/03/2017;16:02:50;-3.10930586;-60.01145666;74;8196292608;541167616
31/03/2017;16:02:55;-3.1092701;-60.01177823;74;8196292608;541167616
31/03/2017;16:03:00;-3.10925854;-60.01224966;74;8196292608;541167616
31/03/2017;16:03:05;-3.10921516;-60.01254404;74;8196284416;541167616
31/03/2017;16:03:10;-3.10917609;-60.01275959;74;8196272128;541167616
31/03/2017;16:03:16;-3.10914615;-60.01294559;74;8196280320;541167616
31/03/2017;16:03:21;-3.1091432;-60.01301064;74;8196280320;541167616
31/03/2017;16:03:26;-3.10911892;-60.01296774;74;8196280320;541167616
31/03/2017;16:03:31;-3.10908589;-60.01299565;74;8196276224;541167616
31/03/2017;16:03:36;-3.10909267;-60.01299122;74;8196276224;541167616
31/03/2017;16:03:41;-3.10910989;-60.0129923;74;8196263936;541167616
31/03/2017;16:03:46;-3.10910662;-60.01300049;74;8196272128;541167616
31/03/2017;16:03:51;-3.10909738;-60.01300021;74;8196272128;541167616
31/03/2017;16:03:56;-3.10909299;-60.0129997;74;8196272128;541167616
31/03/2017;16:04:01;-3.10908819;-60.01300208;74;8196272128;541167616
31/03/2017;16:04:06;-3.10909188;-60.01299864;74;8196272128;541167616
31/03/2017;16:04:11;-3.1090894;-60.01299945;74;8196263936;541167616
31/03/2017;16:04:16;-3.10909186;-60.01300035;74;8196263936;541167616
31/03/2017;16:04:21;-3.10908754;-60.01299805;74;8196263936;541167616
31/03/2017;16:04:26;-3.10908757;-60.01299808;74;8196263936;541167616
31/03/2017;16:04:31;-3.10908758;-60.0129981;74;8196263936;541167616
31/03/2017;16:04:36;-3.1090876;-60.012998;74;8196263936;541167616
31/03/2017;16:04:41;-3.10908767;-60.012998;74;8196263936;541167616
31/03/2017;16:04:46;-3.10908813;-60.01299765;74;8196263936;541167616
31/03/2017;16:04:51;-3.10908862;-60.01299741;74;8196263936;541167616
31/03/2017;16:04:56;-3.10908862;-60.01299741;74;8196263936;541167616
31/03/2017;16:05:01;-3.10908699;-60.01299555;74;8196263936;541167616
31/03/2017;16:05:06;-3.10908719;-60.01299732;74;8196263936;541167616
31/03/2017;16:05:11;-3.10909195;-60.01299969;74;8196231168;541167616
31/03/2017;16:05:16;-3.10908802;-60.01299835;74;8196239360;541167616
31/03/2017;16:05:21;-3.10908767;-60.01299959;74;8196239360;541167616
31/03/2017;16:05:26;-3.10908747;-60.01299887;74;8196239360;541167616
31/03/2017;16:05:31;-3.10908602;-60.0129986;74;8196235264;541167616
31/03/2017;16:05:36;-3.10908623;-60.01299885;74;8196235264;541167616
31/03/2017;16:05:41;-3.10908589;-60.01299889;74;8196235264;541167616
31/03/2017;16:05:46;-3.10908559;-60.01299872;74;8196235264;541167616
31/03/2017;16:05:51;-3.10908555;-60.01299875;74;8196235264;541167616
31/03/2017;16:05:56;-3.10908561;-60.01299874;74;8196235264;541167616
31/03/2017;16:06:02;-3.10908567;-60.01299871;74;8196235264;541167616
31/03/2017;16:06:07;-3.10908574;-60.0129986;74;8196235264;541167616
31/03/2017;16:06:12;-3.10908577;-60.01299855;74;8196235264;541167616
31/03/2017;16:06:17;-3.10908581;-60.01299852;74;8196218880;541167616
31/03/2017;16:06:22;-3.1090858;-60.01299846;74;8196227072;541167616
31/03/2017;16:06:27;-3.10908577;-60.0129984;74;8196227072;541167616
31/03/2017;16:06:32;-3.10908576;-60.0129984;74;8196227072;541167616
31/03/2017;16:06:37;-3.10908583;-60.01299836;73;8196227072;541167616
31/03/2017;16:06:42;-3.10908586;-60.01299832;73;8196227072;541167616
31/03/2017;16:06:47;-3.1090859;-60.01299831;73;8196214784;541167616
31/03/2017;16:06:52;-3.10908594;-60.0129983;73;8196214784;541167616
31/03/2017;16:06:57;-3.10908598;-60.01299826;73;8196214784;541167616
31/03/2017;16:07:02;-3.10908601;-60.01299821;73;8196214784;541167616
31/03/2017;16:07:07;-3.10908586;-60.01299886;73;8196210688;541167616
31/03/2017;16:07:12;-3.10910512;-60.01306156;73;8196214784;541167616
31/03/2017;16:07:17;-3.10910081;-60.0130325;73;8196214784;541167616
31/03/2017;16:07:22;-3.10909663;-60.01301527;73;8196198400;541167616
31/03/2017;16:07:27;-3.10909232;-60.01300305;73;8196206592;541167616
31/03/2017;16:07:32;-3.10909576;-60.01299775;73;8196206592;541167616
31/03/2017;16:07:37;-3.10909612;-60.01299875;73;8196206592;541167616
31/03/2017;16:07:42;-3.10909548;-60.01299664;73;8196206592;541167616
31/03/2017;16:07:47;-3.10908061;-60.01299613;73;8196206592;541167616
31/03/2017;16:07:52;-3.10907894;-60.01299386;73;8196206592;541167616
31/03/2017;16:07:57;-3.10908009;-60.01298841;73;8196206592;541167616
31/03/2017;16:08:02;-3.109081;-60.0129818;73;8196206592;541167616
31/03/2017;16:08:07;-3.10907961;-60.01298427;73;8196206592;541167616
31/03/2017;16:08:12;-3.10907892;-60.01298498;73;8196202496;541167616
31/03/2017;16:08:17;-3.10907753;-60.01298617;73;8196186112;541167616
31/03/2017;16:08:22;-3.10907787;-60.01298602;73;8196149248;541167616
31/03/2017;16:08:27;-3.10907789;-60.0129861;73;8196161536;541167616
31/03/2017;16:08:33;-3.10907793;-60.01298585;73;8196124672;541167616
31/03/2017;16:08:38;-3.10907815;-60.01298595;73;8196132864;541167616
31/03/2017;16:08:43;-3.10907815;-60.01298584;72;8196136960;541167616
31/03/2017;16:08:48;-3.10907821;-60.01298583;72;8196124672;541167616
31/03/2017;16:08:53;-3.10907813;-60.01298577;72;8196141056;541167616
31/03/2017;16:08:58;-3.10907809;-60.01298575;72;8196124672;541167616
31/03/2017;16:09:03;-3.10907809;-60.01298566;72;8196124672;541167616
31/03/2017;16:09:08;-3.10907871;-60.01298491;72;8196124672;541167616
31/03/2017;16:09:13;-3.10907873;-60.0129849;72;8196124672;541167616
31/03/2017;16:09:18;-3.10907873;-60.01298496;72;8196104192;541167616
31/03/2017;16:09:23;-3.10907876;-60.01298497;72;8196067328;541167616
31/03/2017;16:09:28;-3.10907881;-60.01298487;72;8196075520;541167616
31/03/2017;16:09:33;-3.10907798;-60.0129832;72;8196067328;541167616
31/03/2017;16:09:38;-3.10909792;-60.0129965;72;8196079616;541167616
31/03/2017;16:09:43;-3.10910255;-60.01299843;72;8196079616;541167616
31/03/2017;16:09:48;-3.1091204;-60.01300001;72;8196067328;541167616
31/03/2017;16:09:53;-3.10911972;-60.01300718;72;8196071424;541167616
31/03/2017;16:09:58;-3.10911697;-60.01301177;72;8196063232;541167616
31/03/2017;16:10:03;-3.10912135;-60.013009;72;8196063232;541167616
31/03/2017;16:10:08;-3.10911637;-60.01300102;72;8196063232;541167616
31/03/2017;16:10:13;-3.10912048;-60.01300154;72;8196042752;541167616
31/03/2017;16:10:18;-3.10912023;-60.01299942;72;8196038656;541167616
31/03/2017;16:10:23;-3.10911285;-60.01300444;72;8196034560;541167616
31/03/2017;16:10:28;-3.10910662;-60.01300609;72;8196046848;541167616
31/03/2017;16:10:33;-3.10910617;-60.01300483;72;8196038656;541167616
31/03/2017;16:10:38;-3.10910506;-60.01300522;72;8196042752;541167616
31/03/2017;16:10:43;-3.10910462;-60.01300614;72;8196042752;541167616
31/03/2017;16:10:48;-3.10910454;-60.01300613;72;8196026368;541167616
31/03/2017;16:10:53;-3.10910462;-60.01300651;72;8196030464;541167616
31/03/2017;16:10:59;-3.10910463;-60.01300647;72;8196030464;541167616
31/03/2017;16:11:04;-3.10910468;-60.01300649;72;8196034560;541167616
31/03/2017;16:11:09;-3.10910468;-60.01300654;72;8196026368;541167616
31/03/2017;16:11:14;-3.10910464;-60.01300655;72;8196030464;541167616
31/03/2017;16:11:19;-3.10910463;-60.01300659;72;8196014080;541167616
31/03/2017;16:11:24;-3.1091046;-60.01300656;72;8196026368;541167616
31/03/2017;16:11:29;-3.10910461;-60.01300642;72;8196009984;541167616
31/03/2017;16:11:34;-3.10910465;-60.01300662;72;8196018176;541167616
31/03/2017;16:11:39;-3.10910465;-60.01300672;72;8196022272;541167616
31/03/2017;16:11:44;-3.10910461;-60.01300668;72;8196014080;541167616
31/03/2017;16:11:49;-3.10910449;-60.01300666;72;8196001792;541167616
31/03/2017;16:11:54;-3.10910448;-60.01300666;72;8196001792;541167616
31/03/2017;16:11:59;-3.10910448;-60.01300671;72;8196001792;541167616
31/03/2017;16:12:04;-3.10910445;-60.0130068;72;8196001792;541167616
31/03/2017;16:12:09;-3.10910446;-60.0130068;72;8196001792;541167616
31/03/2017;16:12:14;-3.10910416;-60.01301112;72;8196005888;541167616
31/03/2017;16:12:19;-3.10910386;-60.01301348;72;8195981312;541167616
31/03/2017;16:12:24;-3.10910398;-60.01301772;72;8195993600;541167616
31/03/2017;16:12:29;-3.10910215;-60.01301854;72;8195981312;541167616
31/03/2017;16:12:34;-3.10910353;-60.01301936;72;8195977216;541167616
31/03/2017;16:12:39;-3.10910303;-60.01302309;72;8195985408;541167616
31/03/2017;16:12:44;-3.10910383;-60.0130246;72;8195985408;541167616
31/03/2017;16:12:49;-3.10910292;-60.01302726;72;8195981312;541167616
31/03/2017;16:12:54;-3.10910045;-60.01302664;72;8195993600;541167616
31/03/2017;16:12:59;-3.10909939;-60.01302976;72;8195985408;541167616
31/03/2017;16:13:04;-3.10909763;-60.01303054;72;8195985408;541167616
31/03/2017;16:13:09;-3.10909391;-60.01302943;72;8195985408;541167616
31/03/2017;16:13:14;-3.10909246;-60.01302861;72;8195985408;541167616
31/03/2017;16:13:19;-3.10909303;-60.01302698;72;8195964928;541167616
31/03/2017;16:13:24;-3.10909305;-60.01302701;72;8195977216;541167616
31/03/2017;16:13:30;-3.10909323;-60.0130269;72;8195969024;541167616
31/03/2017;16:13:35;-3.10909356;-60.01302658;72;8195956736;541167616
31/03/2017;16:13:40;-3.10909387;-60.01302618;72;8195960832;541167616
31/03/2017;16:13:45;-3.10909388;-60.01302612;71;8195960832;541167616
31/03/2017;16:13:50;-3.10909394;-60.01302614;71;8195956736;541167616
31/03/2017;16:13:55;-3.10909402;-60.01302616;71;8195960832;541167616
31/03/2017;16:14:00;-3.10909407;-60.01302618;71;8195960832;541167616
31/03/2017;16:14:05;-3.10909417;-60.01302625;71;8195969024;541167616
31/03/2017;16:14:10;-3.10909421;-60.01302629;71;8195956736;541167616
31/03/2017;16:14:15;-3.10909425;-60.0130263;71;8195960832;541167616
31/03/2017;16:14:20;-3.10909428;-60.01302633;71;8195940352;541167616
31/03/2017;16:14:25;-3.10909429;-60.01302632;71;8195956736;541167616
31/03/2017;16:14:30;-3.10909439;-60.01302637;71;8195936256;541167616
31/03/2017;16:14:35;-3.10909447;-60.01302641;71;8195944448;541167616
31/03/2017;16:14:40;-3.10909456;-60.0130265;71;8195952640;541167616
31/03/2017;16:14:45;-3.10909459;-60.01302651;71;8195940352;541167616
31/03/2017;16:14:50;-3.10909458;-60.01302651;71;8195928064;541167616
31/03/2017;16:14:55;-3.10909458;-60.01302649;71;8195940352;541167616
31/03/2017;16:15:00;-3.10909456;-60.01302648;71;8195940352;541167616
31/03/2017;16:15:05;-3.10909457;-60.01302649;71;8195940352;541167616
31/03/2017;16:15:10;-3.10909458;-60.01302649;71;8195940352;541167616
31/03/2017;16:15:15;-3.10909458;-60.0130265;71;8195936256;541167616
31/03/2017;16:15:20;-3.10909388;-60.0130247;71;8195940352;541167616
31/03/2017;16:15:25;-3.10909307;-60.01302456;71;8195932160;541167616
31/03/2017;16:15:30;-3.10909325;-60.01302491;71;8195919872;541167616
31/03/2017;16:15:35;-3.10909449;-60.0130281;71;8195928064;541167616
31/03/2017;16:15:40;-3.10909274;-60.01302838;71;8195928064;541167616
31/03/2017;16:15:45;-3.10909097;-60.01302964;71;8195928064;541167616
31/03/2017;16:15:50;-3.10909071;-60.013028;71;8195903488;541167616
31/03/2017;16:15:55;-3.10909167;-60.01302853;71;8195932160;541167616
31/03/2017;16:16:00;-3.10909397;-60.01302583;71;8195907584;541167616
31/03/2017;16:16:05;-3.10916134;-60.0130297;71;8195911680;541167616
31/03/2017;16:16:10;-3.10917803;-60.01302945;71;8195911680;541167616
31/03/2017;16:16:15;-3.10918338;-60.01304959;71;8195911680;541167616
31/03/2017;16:16:20;-3.10918033;-60.01303782;71;8195895296;541167616
31/03/2017;16:16:25;-3.10917525;-60.01305443;71;8195907584;541167616
31/03/2017;16:16:31;-3.10917506;-60.0130582;71;8195903488;541167616
31/03/2017;16:16:36;-3.10918034;-60.01307318;71;8195895296;541167616
31/03/2017;16:16:41;-3.10932847;-60.01307486;71;8195899392;541167616
31/03/2017;16:16:46;-3.10973702;-60.0130814;71;8195899392;541167616
31/03/2017;16:16:51;-3.11011914;-60.0131245;71;8195891200;541167616
31/03/2017;16:16:56;-3.11038699;-60.01314845;71;8195887104;541167616
31/03/2017;16:17:01;-3.11056954;-60.01316898;71;8195887104;541167616
31/03/2017;16:17:06;-3.11064875;-60.01309788;71;8195887104;541167616
31/03/2017;16:17:11;-3.11073853;-60.01279641;71;8195887104;541167616
31/03/2017;16:17:16;-3.11083404;-60.01254848;71;8195866624;541167616
31/03/2017;16:17:21;-3.11083805;-60.01219674;71;8195862528;541167616
31/03/2017;16:17:26;-3.11090233;-60.01174085;71;8195874816;541167616
31/03/2017;16:17:31;-3.11089018;-60.01152358;71;8195874816;541167616
31/03/2017;16:17:36;-3.1109118;-60.01134975;71;8195854336;541167616
31/03/2017;16:17:41;-3.11075622;-60.01136522;71;8195862528;541167616
31/03/2017;16:17:46;-3.11077968;-60.01135563;71;8195874816;541167616
31/03/2017;16:17:51;-3.11087056;-60.01122919;70;8195854336;541167616
31/03/2017;16:17:56;-3.11085709;-60.01090703;70;8195862528;541167616
31/03/2017;16:18:01;-3.11086297;-60.01080936;70;8195862528;541167616
31/03/2017;16:18:06;-3.11091161;-60.01058055;70;8195862528;541167616
31/03/2017;16:18:11;-3.11095845;-60.01044466;70;8195862528;541167616
31/03/2017;16:18:16;-3.11091552;-60.01056929;70;8195862528;541167616
31/03/2017;16:18:21;-3.11088175;-60.01058652;70;8195858432;541167616
31/03/2017;16:18:26;-3.11086002;-60.01064401;70;8195854336;541167616
31/03/2017;16:18:31;-3.1108348;-60.0106784;70;8195858432;541167616
31/03/2017;16:18:36;-3.11082539;-60.01069898;70;8195829760;541167616
31/03/2017;16:18:41;-3.11083029;-60.01069712;70;8195837952;541167616
31/03/2017;16:18:46;-3.11083658;-60.01068647;70;8195837952;541167616
31/03/2017;16:18:51;-3.11083428;-60.01069729;70;8195833856;541167616
31/03/2017;16:18:56;-3.11083528;-60.01068799;70;8195837952;541167616
31/03/2017;16:19:01;-3.11083652;-60.01068181;70;8195850240;541167616
31/03/2017;16:19:07;-3.11083836;-60.01067824;70;8195833856;541167616
31/03/2017;16:19:12;-3.11083895;-60.01067546;70;8195837952;541167616
31/03/2017;16:19:17;-3.11083955;-60.01067377;70;8195837952;541167616
31/03/2017;16:19:22;-3.11083985;-60.01067313;70;8195821568;541167616
31/03/2017;16:19:27;-3.11084012;-60.01067258;70;8195833856;541167616
31/03/2017;16:19:32;-3.11084079;-60.01067017;70;8195833856;541167616
31/03/2017;16:19:37;-3.11084085;-60.01066998;70;8195846144;541167616
31/03/2017;16:19:42;-3.11084137;-60.01066882;70;8195817472;541167616
31/03/2017;16:19:47;-3.11084169;-60.01066794;70;8195821568;541167616
31/03/2017;16:19:52;-3.11084175;-60.01066806;69;8195809280;541167616
31/03/2017;16:19:57;-3.11083003;-60.01065159;69;8195821568;541167616
31/03/2017;16:20:02;-3.11058767;-60.01052885;69;8195821568;541167616
31/03/2017;16:20:07;-3.11025774;-60.01041498;69;8195821568;541167616
31/03/2017;16:20:12;-3.11010256;-60.01042112;69;8195821568;541167616
31/03/2017;16:20:17;-3.10998969;-60.01035674;69;8195829760;541167616
31/03/2017;16:20:22;-3.10978057;-60.01032501;69;8195792896;541167616
31/03/2017;16:20:27;-3.1094355;-60.01032084;69;8195805184;541167616
31/03/2017;16:20:32;-3.10935795;-60.01010738;69;8195809280;541167616
31/03/2017;16:20:37;-3.10932221;-60.00971158;69;8195809280;541167616
31/03/2017;16:20:42;-3.10931861;-60.00920543;69;8195792896;541167616
31/03/2017;16:20:47;-3.10938237;-60.00869631;69;8195801088;541167616
31/03/2017;16:20:52;-3.10931589;-60.00822732;69;8195817472;541167616
31/03/2017;16:20:57;-3.10889816;-60.00794823;69;8195813376;541167616
31/03/2017;16:21:02;-3.10841533;-60.007669;69;8195796992;541167616
31/03/2017;16:21:07;-3.10794654;-60.00744888;69;8195801088;541167616
31/03/2017;16:21:12;-3.10741011;-60.00747456;69;8195801088;541167616
31/03/2017;16:21:17;-3.10679293;-60.00742112;69;8195796992;541167616
31/03/2017;16:21:22;-3.10635125;-60.0072753;69;8195784704;541167616
31/03/2017;16:21:27;-3.10599705;-60.00686836;69;8195788800;541167616
31/03/2017;16:21:32;-3.10565634;-60.00654777;69;8195809280;541167616
31/03/2017;16:21:38;-3.10539301;-60.00623399;69;8195788800;541167616
31/03/2017;16:21:43;-3.1051248;-60.00583862;69;8195776512;541167616
31/03/2017;16:21:48;-3.10474769;-60.00534361;69;8195760128;541167616
31/03/2017;16:21:53;-3.10455704;-60.00475977;67;8195776512;541167616
31/03/2017;16:21:58;-3.10454825;-60.00396685;67;8195764224;541167616
31/03/2017;16:22:03;-3.10459903;-60.00345149;67;8195768320;541167616
31/03/2017;16:22:08;-3.10462091;-60.00282057;67;8195768320;541167616
31/03/2017;16:22:13;-3.10472975;-60.00227346;67;8195784704;541167616
31/03/2017;16:22:18;-3.10476395;-60.00168654;67;8195764224;541167616
31/03/2017;16:22:23;-3.10482185;-60.00112876;67;8195756032;541167616
31/03/2017;16:22:28;-3.10482831;-60.00060189;67;8195751936;541167616
31/03/2017;16:22:33;-3.10472324;-60.00015955;67;8195764224;541167616
31/03/2017;16:22:38;-3.10455187;-59.99967598;67;8195760128;541167616
31/03/2017;16:22:43;-3.1042323;-59.99923671;67;8195764224;541167616
31/03/2017;16:22:48;-3.10402221;-59.99874356;67;8195772416;541167616
31/03/2017;16:22:53;-3.10362861;-59.99822086;66;8195776512;541167616
31/03/2017;16:22:58;-3.1033663;-59.99782672;66;8195772416;541167616
31/03/2017;16:23:03;-3.10310975;-59.99760801;66;8195760128;541167616
31/03/2017;16:23:08;-3.10302461;-59.99756837;66;8195764224;541167616
31/03/2017;16:23:13;-3.1030526;-59.99761848;66;8195764224;541167616
31/03/2017;16:23:18;-3.10301898;-59.99759543;66;8195764224;541167616
31/03/2017;16:23:23;-3.10298912;-59.9976095;66;8195751936;541167616
31/03/2017;16:23:28;-3.10283126;-59.99753058;66;8195756032;541167616
31/03/2017;16:23:33;-3.10269228;-59.99743237;66;8195776512;541167616
31/03/2017;16:23:38;-3.10264597;-59.9973872;66;8195747840;541167616
31/03/2017;16:23:43;-3.10264696;-59.99736732;66;8195735552;541167616
31/03/2017;16:23:48;-3.10266042;-59.99738116;66;8195731456;541167616
31/03/2017;16:23:53;-3.10263866;-59.99737014;64;8195735552;541167616
31/03/2017;16:23:58;-3.10247878;-59.99728531;64;8195727360;541167616
31/03/2017;16:24:03;-3.1023659;-59.99723966;64;8195731456;541167616
31/03/2017;16:24:08;-3.10224202;-59.99716852;64;8195731456;541167616
31/03/2017;16:24:13;-3.10209806;-59.99703845;64;8195751936;541167616