
29/03/2017;19:05:28;-3.0792107;-59.9635936;52;2535436288;0
29/03/2017;19:05:33;-3.0792107;-59.9635936;52;2535428096;0
29/03/2017;19:05:38;-3.0792107;-59.9635936;52;2535411712;0
29/03/2017;19:05:43;-3.0792107;-59.9635936;52;2535378944;0
29/03/2017;19:06:06;-3.0787219;-59.9632694;52;2535378944;0
29/03/2017;19:06:11;-3.0787219;-59.9632694;52;2535366656;0
29/03/2017;19:06:16;-3.0787219;-59.9632694;52;2535366656;0
29/03/2017;19:06:21;-3.0787219;-59.9632694;52;2535366656;0
29/03/2017;19:06:26;-3.0787219;-59.9632694;52;2535366656;0
29/03/2017;19:06:56;-3.0787219;-59.9632694;52;2535362560;0
29/03/2017;19:07:04;-3.07654895;-59.96277589;52;2535362560;0
29/03/2017;19:07:09;-3.07654895;-59.96277589;52;2535362560;0
29/03/2017;19:07:18;-3.07654895;-59.96277589;52;2535362560;0
29/03/2017;19:07:23;-3.07654895;-59.96277589;52;2535362560;0
29/03/2017;19:07:28;-3.07654895;-59.96277589;52;2535362560;0
29/03/2017;19:07:33;-3.07654895;-59.96277589;52;2535358464;0
29/03/2017;19:07:38;-3.07471875;-59.96319332;52;2535358464;0
29/03/2017;19:07:43;-3.07471875;-59.96319332;52;2535354368;0
29/03/2017;19:07:48;-3.07471875;-59.96319332;52;2535358464;0
29/03/2017;19:07:55;-3.07471875;-59.96319332;52;2535358464;0
29/03/2017;19:08:05;-3.07471875;-59.96319332;52;2535358464;0
29/03/2017;19:08:27;-3.07471875;-59.96319332;52;2535358464;0
29/03/2017;19:08:32;-3.07471875;-59.96319332;52;2535358464;0
29/03/2017;19:08:37;-3.07471875;-59.96319332;52;2535358464;0
29/03/2017;19:08:42;-3.0743654;-59.9681243;52;2535358464;0
29/03/2017;19:08:47;-3.0743654;-59.9681243;52;2535358464;0
29/03/2017;19:08:52;-3.0743654;-59.9681243;52;2535354368;0
29/03/2017;19:08:57;-3.0743654;-59.9681243;52;2535337984;0
29/03/2017;19:09:02;-3.0743654;-59.9681243;52;2535337984;0
29/03/2017;19:09:19;-3.0743654;-59.9681243;52;2535337984;0
29/03/2017;19:09:24;-3.0743654;-59.9681243;52;2535337984;0
29/03/2017;19:09:29;-3.0743654;-59.9681243;52;2535337984;0
29/03/2017;19:09:34;-3.0743654;-59.9681243;52;2535337984;0
29/03/2017;19:09:39;-3.0743654;-59.9681243;52;2535337984;0
29/03/2017;19:09:44;-3.0743654;-59.9681243;52;2535337984;0
29/03/2017;19:09:49;-3.0743654;-59.9681243;52;2535333888;0
29/03/2017;19:09:55;-3.0743654;-59.9681243;52;2535337984;0
29/03/2017;19:10:00;-3.0743654;-59.9681243;52;2535325696;0
29/03/2017;19:10:05;-3.0743654;-59.9681243;52;2535321600;0
29/03/2017;19:10:10;-3.0743654;-59.9681243;52;2535321600;0
29/03/2017;19:10:15;-3.0743654;-59.9681243;52;2535321600;0
29/03/2017;19:10:20;-3.0743654;-59.9681243;52;2535321600;0
29/03/2017;19:10:25;-3.0743654;-59.9681243;52;2535321600;0
29/03/2017;19:10:30;-3.0743654;-59.9681243;52;2535321600;0
29/03/2017;19:10:35;-3.0743654;-59.9681243;52;2535321600;0
29/03/2017;19:10:40;-3.0743654;-59.9681243;52;2535321600;0
29/03/2017;19:10:45;-3.0743654;-59.9681243;52;2535321600;0
29/03/2017;19:10:50;-3.0743654;-59.9681243;52;2535321600;0
29/03/2017;19:10:55;-3.0743654;-59.9681243;52;2535317504;0
29/03/2017;19:11:00;-3.0743654;-59.9681243;52;2535317504;0
29/03/2017;19:11:05;-3.0743654;-59.9681243;52;2535317504;0
29/03/2017;19:11:10;-3.0743654;-59.9681243;52;2535317504;0
29/03/2017;19:11:15;-3.0743654;-59.9681243;52;2535002112;0
29/03/2017;19:11:20;-3.0743654;-59.9681243;52;2535002112;0
29/03/2017;19:11:25;-3.0743654;-59.9681243;52;2535002112;0
29/03/2017;19:11:30;-3.0743654;-59.9681243;52;2535002112;0
29/03/2017;19:11:35;-3.0743654;-59.9681243;52;2535002112;0
29/03/2017;19:11:40;-3.0743654;-59.9681243;52;2535002112;0
29/03/2017;19:11:45;-3.0743654;-59.9681243;52;2535002112;0
29/03/2017;19:11:50;-3.0743654;-59.9681243;51;2534998016;0
29/03/2017;19:11:55;-3.0743654;-59.9681243;51;2534998016;0
29/03/2017;19:12:00;-3.0743654;-59.9681243;51;2534998016;0
29/03/2017;19:12:05;-3.0743654;-59.9681243;51;2534998016;0
29/03/2017;19:12:10;-3.0743654;-59.9681243;51;2534998016;0
29/03/2017;19:12:15;-3.0743654;-59.9681243;51;2534998016;0
29/03/2017;19:12:20;-3.0743654;-59.9681243;51;2534998016;0
29/03/2017;19:12:25;-3.0743654;-59.9681243;51;2535006208;0
29/03/2017;19:12:30;-3.0743654;-59.9681243;51;2535006208;0
29/03/2017;19:12:35;-3.0743654;-59.9681243;51;2535006208;0
29/03/2017;19:12:40;-3.0743654;-59.9681243;51;2535002112;0
29/03/2017;19:12:45;-3.0743654;-59.9681243;51;2534998016;0
29/03/2017;19:12:50;-3.0743654;-59.9681243;51;2534998016;0
29/03/2017;19:12:55;-3.0743654;-59.9681243;51;2534998016;0
29/03/2017;19:13:00;-3.0743654;-59.9681243;51;2534998016;0
29/03/2017;19:13:05;-3.0743654;-59.9681243;51;2534998016;0
29/03/2017;19:13:10;-3.0743654;-59.9681243;51;2534998016;0
29/03/2017;19:13:15;-3.0743654;-59.9681243;51;2534998016;0
29/03/2017;19:13:20;-3.0743654;-59.9681243;51;2534998016;0
29/03/2017;19:13:25;-3.0743654;-59.9681243;51;2534993920;0
29/03/2017;19:13:30;-3.0743654;-59.9681243;51;2534993920;0
29/03/2017;19:13:35;-3.0743654;-59.9681243;51;2534993920;0
29/03/2017;19:13:40;-3.0743654;-59.9681243;51;2534993920;0
29/03/2017;19:13:45;-3.0743654;-59.9681243;51;2534993920;0
29/03/2017;19:13:51;-3.0743654;-59.9681243;51;2534993920;0
29/03/2017;19:13:56;-3.0743654;-59.9681243;51;2534993920;0
29/03/2017;19:14:01;-3.0743654;-59.9681243;51;2534993920;0
29/03/2017;19:14:06;-3.0743654;-59.9681243;51;2534993920;0
29/03/2017;19:14:11;-3.0743654;-59.9681243;51;2534993920;0
29/03/2017;19:14:16;-3.0743654;-59.9681243;51;2534993920;0
29/03/2017;19:14:21;-3.0743654;-59.9681243;51;2534993920;0
29/03/2017;19:14:26;-3.0743654;-59.9681243;51;2534993920;0
29/03/2017;19:14:31;-3.0743654;-59.9681243;51;2534993920;0
29/03/2017;19:14:36;-3.0743654;-59.9681243;51;2534993920;0
29/03/2017;19:14:41;-3.0743654;-59.9681243;51;2534993920;0
29/03/2017;19:14:46;-3.0743654;-59.9681243;51;2534993920;0
29/03/2017;19:14:51;-3.0743654;-59.9681243;51;2534993920;0
29/03/2017;19:14:56;-3.0743654;-59.9681243;51;2534993920;0
29/03/2017;19:15:01;-3.0743654;-59.9681243;51;2534993920;0
29/03/2017;19:15:06;-3.07736405;-59.97254686;51;2534993920;0
29/03/2017;19:15:11;-3.07736405;-59.97254686;51;2534993920;0
29/03/2017;19:15:16;-3.07736405;-59.97254686;51;2534993920;0
29/03/2017;19:15:21;-3.07736405;-59.97254686;51;2534993920;0
29/03/2017;19:15:26;-3.07736405;-59.97254686;51;2534993920;0
29/03/2017;19:15:31;-3.07736405;-59.97254686;51;2534993920;0
29/03/2017;19:15:36;-3.07736405;-59.97254686;51;2534993920;0
29/03/2017;19:15:41;-3.07736405;-59.97254686;51;2534993920;0
29/03/2017;19:15:46;-3.07736405;-59.97254686;51;2534993920;0
29/03/2017;19:15:51;-3.07736405;-59.97254686;51;2534993920;0
29/03/2017;19:15:56;-3.07736405;-59.97254686;51;2534993920;0
29/03/2017;19:16:01;-3.07736405;-59.97254686;51;2534993920;0
29/03/2017;19:16:06;-3.07736405;-59.97254686;51;2534993920;0
29/03/2017;19:16:11;-3.07736405;-59.97254686;51;2534993920;0
29/03/2017;19:16:16;-3.07736405;-59.97254686;51;2534993920;0
29/03/2017;19:16:21;-3.07736405;-59.97254686;51;2534993920;0
29/03/2017;19:16:26;-3.07736405;-59.97254686;51;2534993920;0
29/03/2017;19:16:31;-3.07736405;-59.97254686;51;2534993920;0
29/03/2017;19:16:36;-3.07736405;-59.97254686;51;2534993920;0
29/03/2017;19:16:41;-3.07736405;-59.97254686;51;2534993920;0
29/03/2017;19:16:46;-3.07736405;-59.97254686;51;2534993920;0
29/03/2017;19:16:51;-3.07736405;-59.97254686;51;2534993920;0
29/03/2017;19:16:56;-3.07736405;-59.97254686;51;2534993920;0
29/03/2017;19:17:01;-3.07736405;-59.97254686;51;2534993920;0
29/03/2017;19:17:06;-3.07736405;-59.97254686;51;2534993920;0
29/03/2017;19:17:11;-3.07736405;-59.97254686;51;2534993920;0
29/03/2017;19:17:16;-3.07736405;-59.97254686;51;2534993920;0
29/03/2017;19:17:21;-3.07736405;-59.97254686;51;2534993920;0
29/03/2017;19:17:26;-3.07736405;-59.97254686;51;2534993920;0
29/03/2017;19:17:31;-3.07736405;-59.97254686;51;2534993920;0
29/03/2017;19:17:37;-3.07736405;-59.97254686;51;2534993920;0
29/03/2017;19:17:42;-3.07736405;-59.97254686;51;2534993920;0
29/03/2017;19:17:47;-3.07736405;-59.97254686;51;2534993920;0
29/03/2017;19:17:52;-3.07736405;-59.97254686;51;2534993920;0
29/03/2017;19:17:57;-3.07736405;-59.97254686;51;2534993920;0
29/03/2017;19:18:02;-3.07736405;-59.97254686;51;2534993920;0
29/03/2017;19:18:07;-3.07736405;-59.97254686;51;2534993920;0
29/03/2017;19:18:12;-3.07736405;-59.97254686;51;2534993920;0
29/03/2017;19:18:17;-3.07736405;-59.97254686;51;2534993920;0
29/03/2017;19:18:22;-3.07736405;-59.97254686;51;2534993920;0
29/03/2017;19:18:27;-3.07736405;-59.97254686;51;2534989824;0
29/03/2017;19:18:32;-3.07736405;-59.97254686;51;2534989824;0
29/03/2017;19:18:37;-3.07736405;-59.97254686;51;2534989824;0
29/03/2017;19:18:42;-3.07736405;-59.97254686;51;2534989824;0
29/03/2017;19:18:47;-3.07736405;-59.97254686;51;2534989824;0
29/03/2017;19:18:52;-3.07736405;-59.97254686;51;2534989824;0
29/03/2017;19:18:57;-3.07736405;-59.97254686;51;2534989824;0
29/03/2017;19:19:02;-3.07736405;-59.97254686;51;2534989824;0
29/03/2017;19:19:07;-3.07736405;-59.97254686;51;2534989824;0
29/03/2017;19:19:12;-3.07736405;-59.97254686;51;2534989824;0
29/03/2017;19:19:17;-3.07736405;-59.97254686;51;2534989824;0
29/03/2017;19:19:22;-3.07736405;-59.97254686;51;2534989824;0
29/03/2017;19:19:27;-3.07736405;-59.97254686;51;2534989824;0
29/03/2017;19:19:32;-3.07736405;-59.97254686;51;2534989824;0
29/03/2017;19:19:37;-3.07736405;-59.97254686;51;2534989824;0
29/03/2017;19:19:42;-3.07736405;-59.97254686;51;2534989824;0
29/03/2017;19:19:47;-3.07736405;-59.97254686;51;2534989824;0
29/03/2017;19:19:52;-3.07736405;-59.97254686;51;2534989824;0
29/03/2017;19:19:57;-3.07736405;-59.97254686;51;2534989824;0
29/03/2017;19:20:02;-3.07736405;-59.97254686;51;2534989824;0
29/03/2017;19:20:07;-3.07736405;-59.97254686;51;2534989824;0
29/03/2017;19:20:12;-3.07736405;-59.97254686;51;2534989824;0
29/03/2017;19:20:17;-3.07736405;-59.97254686;51;2534989824;0
29/03/2017;19:20:22;-3.07736405;-59.97254686;51;2534989824;0
29/03/2017;19:20:27;-3.07736405;-59.97254686;51;2534989824;0
29/03/2017;19:20:32;-3.07736405;-59.97254686;51;2534989824;0
29/03/2017;19:20:37;-3.07736405;-59.97254686;51;2534989824;0
29/03/2017;19:20:42;-3.07736405;-59.97254686;51;2534989824;0
29/03/2017;19:20:47;-3.07736405;-59.97254686;51;2534989824;0
29/03/2017;19:20:52;-3.07736405;-59.97254686;51;2534989824;0
29/03/2017;19:20:57;-3.07736405;-59.97254686;51;2534989824;0
29/03/2017;19:21:02;-3.07736405;-59.97254686;51;2534989824;0
29/03/2017;19:21:07;-3.07736525;-59.97255634;51;2534989824;0
29/03/2017;19:21:12;-3.07736525;-59.97255634;51;2534989824;0
29/03/2017;19:21:17;-3.07736525;-59.97255634;51;2534989824;0
29/03/2017;19:21:22;-3.07736525;-59.97255634;51;2534989824;0
29/03/2017;19:21:27;-3.07736525;-59.97255634;51;2534989824;0
29/03/2017;19:21:33;-3.07736525;-59.97255634;51;2534989824;0
29/03/2017;19:21:38;-3.07736525;-59.97255634;51;2534989824;0
29/03/2017;19:21:43;-3.07736525;-59.97255634;51;2534989824;0
29/03/2017;19:21:48;-3.07736525;-59.97255634;51;2534989824;0
29/03/2017;19:21:53;-3.07736525;-59.97255634;51;2534989824;0
29/03/2017;19:21:58;-3.07736525;-59.97255634;51;2534989824;0
29/03/2017;19:22:03;-3.07736525;-59.97255634;51;2534989824;0
29/03/2017;19:22:08;-3.07736525;-59.97255634;51;2534989824;0
29/03/2017;19:22:13;-3.07736525;-59.97255634;51;2534989824;0
29/03/2017;19:22:18;-3.07736525;-59.97255634;51;2534797312;0
29/03/2017;19:22:23;-3.07736525;-59.97255634;51;2534797312;0
29/03/2017;19:22:28;-3.07736525;-59.97255634;51;2534797312;0
29/03/2017;19:22:33;-3.07736525;-59.97255634;51;2534797312;0
29/03/2017;19:22:38;-3.07736525;-59.97255634;51;2534797312;0
29/03/2017;19:22:43;-3.07736525;-59.97255634;50;2534793216;0
29/03/2017;19:22:48;-3.07736525;-59.97255634;50;2534793216;0
29/03/2017;19:22:53;-3.07736525;-59.97255634;50;2534793216;0
29/03/2017;19:22:58;-3.07736525;-59.97255634;50;2534793216;0
29/03/2017;19:23:03;-3.07736525;-59.97255634;50;2534793216;0
29/03/2017;19:23:08;-3.07736525;-59.97255634;50;2534793216;0
29/03/2017;19:23:13;-3.07736525;-59.97255634;50;2534793216;0
29/03/2017;19:23:18;-3.07736525;-59.97255634;50;2534793216;0
29/03/2017;19:23:23;-3.07736525;-59.97255634;50;2534785024;0
29/03/2017;19:23:28;-3.07736525;-59.97255634;50;2534785024;0
29/03/2017;19:23:33;-3.0773663;-59.97255927;50;2534785024;0
29/03/2017;19:23:38;-3.0773663;-59.97255927;50;2534785024;0
29/03/2017;19:23:43;-3.0773663;-59.97255927;50;2534785024;0
29/03/2017;19:23:48;-3.0773663;-59.97255927;50;2534785024;0
29/03/2017;19:23:53;-3.0773663;-59.97255927;50;2534785024;0
29/03/2017;19:23:58;-3.0773663;-59.97255927;50;2534785024;0
29/03/2017;19:24:03;-3.0773663;-59.97255927;50;2534780928;0
29/03/2017;19:24:08;-3.0773663;-59.97255927;50;2534780928;0
29/03/2017;19:24:13;-3.0773663;-59.97255927;50;2534780928;0
29/03/2017;19:24:18;-3.0773663;-59.97255927;50;2534780928;0
29/03/2017;19:24:23;-3.0773663;-59.97255927;50;2534780928;0
29/03/2017;19:24:28;-3.0773663;-59.97255927;50;2534780928;0
29/03/2017;19:24:33;-3.0773663;-59.97255927;50;2534780928;0
29/03/2017;19:24:38;-3.0773663;-59.97255927;50;2534780928;0
29/03/2017;19:24:43;-3.0773663;-59.97255927;50;2534780928;0
29/03/2017;19:24:48;-3.0773663;-59.97255927;50;2534780928;0
29/03/2017;19:24:53;-3.0773663;-59.97255927;50;2534780928;0
29/03/2017;19:24:58;-3.0773663;-59.97255927;50;2534780928;0
29/03/2017;19:25:04;-3.0773663;-59.97255927;50;2534780928;0
29/03/2017;19:25:09;-3.0773663;-59.97255927;50;2534780928;0
29/03/2017;19:25:14;-3.0773663;-59.97255927;50;2534780928;0
29/03/2017;19:25:19;-3.0773663;-59.97255927;50;2534780928;0
29/03/2017;19:25:24;-3.0773663;-59.97255927;50;2534768640;0
29/03/2017;19:25:29;-3.0773663;-59.97255927;50;2534768640;0
29/03/2017;19:25:34;-3.0773663;-59.97255927;50;2534768640;0
29/03/2017;19:25:39;-3.0773663;-59.97255927;50;2534768640;0
29/03/2017;19:25:44;-3.0773663;-59.97255927;50;2534768640;0
29/03/2017;19:25:49;-3.0773663;-59.97255927;50;2534768640;0
29/03/2017;19:25:54;-3.0773663;-59.97255927;50;2534768640;0
29/03/2017;19:25:59;-3.0773663;-59.97255927;50;2534768640;0
29/03/2017;19:26:04;-3.0773663;-59.97255927;50;2534768640;0
29/03/2017;19:26:09;-3.0773663;-59.97255927;50;2534768640;0
29/03/2017;19:26:14;-3.0773663;-59.97255927;50;2534768640;0
29/03/2017;19:26:19;-3.0773663;-59.97255927;50;2534768640;0
29/03/2017;19:26:24;-3.0773663;-59.97255927;50;2534768640;0
29/03/2017;19:26:29;-3.0773663;-59.97255927;50;2534768640;0
29/03/2017;19:26:34;-3.0773663;-59.97255927;50;2534768640;0
29/03/2017;19:26:39;-3.0773663;-59.97255927;50;2534768640;0
29/03/2017;19:26:44;-3.0773663;-59.97255927;50;2534768640;0
29/03/2017;19:26:49;-3.0773663;-59.97255927;50;2534768640;0
29/03/2017;19:26:54;-3.0773663;-59.97255927;50;2534768640;0
29/03/2017;19:26:59;-3.0773663;-59.97255927;50;2534768640;0
29/03/2017;19:27:04;-3.0773663;-59.97255927;50;2534768640;0
29/03/2017;19:27:09;-3.0773663;-59.97255927;50;2534768640;0
29/03/2017;19:27:14;-3.0773663;-59.97255927;50;2534768640;0
29/03/2017;19:27:19;-3.0773663;-59.97255927;50;2534768640;0
29/03/2017;19:27:24;-3.0773663;-59.97255927;50;2534768640;0
29/03/2017;19:27:29;-3.0773663;-59.97255927;50;2534768640;0
29/03/2017;19:27:34;-3.0773663;-59.97255927;50;2534768640;0
29/03/2017;19:27:39;-3.0773663;-59.97255927;50;2534768640;0
29/03/2017;19:27:44;-3.0773663;-59.97255927;50;2534768640;0
29/03/2017;19:27:49;-3.0773663;-59.97255927;50;2534768640;0
29/03/2017;19:27:54;-3.0773663;-59.97255927;50;2534764544;0
29/03/2017;19:27:59;-3.0773663;-59.97255927;50;2534764544;0
29/03/2017;19:28:04;-3.0773663;-59.97255927;50;2534764544;0
29/03/2017;19:28:09;-3.0773663;-59.97255927;50;2534764544;0
29/03/2017;19:28:14;-3.0773663;-59.97255927;50;2534764544;0
29/03/2017;19:28:19;-3.0773663;-59.97255927;50;2534764544;0
29/03/2017;19:28:24;-3.0773663;-59.97255927;50;2534764544;0
29/03/2017;19:28:29;-3.0773663;-59.97255927;50;2534764544;0
29/03/2017;19:28:34;-3.0773663;-59.97255927;50;2534764544;0
29/03/2017;19:28:39;-3.0773663;-59.97255927;50;2534764544;0
29/03/2017;19:28:44;-3.0773663;-59.97255927;50;2534764544;0
29/03/2017;19:28:49;-3.0773663;-59.97255927;50;2534764544;0
29/03/2017;19:28:54;-3.0773663;-59.97255927;50;2534764544;0
29/03/2017;19:29:00;-3.0773663;-59.97255927;50;2534768640;0
29/03/2017;19:29:05;-3.0773663;-59.97255927;50;2534768640;0
29/03/2017;19:29:10;-3.0773663;-59.97255927;50;2534768640;0
29/03/2017;19:29:15;-3.0773663;-59.97255927;50;2534768640;0
29/03/2017;19:29:20;-3.0773663;-59.97255927;50;2534768640;0
29/03/2017;19:29:25;-3.0773663;-59.97255927;50;2534768640;0
29/03/2017;19:29:30;-3.0773663;-59.97255927;50;2534768640;0
29/03/2017;19:29:35;-3.07737652;-59.97256754;50;2534768640;0
29/03/2017;19:29:40;-3.07737652;-59.97256754;50;2534768640;0
29/03/2017;19:29:45;-3.07737652;-59.97256754;50;2534764544;0
29/03/2017;19:29:50;-3.07737652;-59.97256754;50;2534764544;0
29/03/2017;19:29:55;-3.07737652;-59.97256754;50;2534764544;0
29/03/2017;19:30:00;-3.07737652;-59.97256754;50;2534764544;0
29/03/2017;19:30:05;-3.07737652;-59.97256754;50;2534764544;0
29/03/2017;19:30:10;-3.07737652;-59.97256754;50;2534764544;0
29/03/2017;19:30:15;-3.07737652;-59.97256754;50;2534764544;0
29/03/2017;19:30:20;-3.07737652;-59.97256754;50;2534764544;0
29/03/2017;19:30:25;-3.07737652;-59.97256754;50;2534764544;0
29/03/2017;19:30:30;-3.07737652;-59.97256754;50;2534760448;0
29/03/2017;19:30:35;-3.07737652;-59.97256754;50;2534760448;0
29/03/2017;19:30:40;-3.07737654;-59.97256833;50;2534760448;0
29/03/2017;19:30:45;-3.07737654;-59.97256833;50;2534760448;0
29/03/2017;19:30:50;-3.07737654;-59.97256833;50;2534760448;0
29/03/2017;19:30:55;-3.07737654;-59.97256833;50;2534760448;0
29/03/2017;19:31:00;-3.07737654;-59.97256833;50;2534760448;0
29/03/2017;19:31:05;-3.07737654;-59.97256833;50;2534760448;0
29/03/2017;19:31:10;-3.07737654;-59.97256833;50;2534760448;0
29/03/2017;19:31:15;-3.07737654;-59.97256833;50;2534760448;0
29/03/2017;19:31:20;-3.07737654;-59.97256833;50;2534760448;0
29/03/2017;19:31:25;-3.07737654;-59.97256833;50;2534760448;0
29/03/2017;19:31:30;-3.07737654;-59.97256833;50;2534760448;0
29/03/2017;19:31:35;-3.07737654;-59.97256833;50;2534760448;0
29/03/2017;19:31:40;-3.07737616;-59.97256745;50;2534723584;0
29/03/2017;19:31:45;-3.07737616;-59.97256745;50;2534723584;0
29/03/2017;19:31:50;-3.07737616;-59.97256745;50;2534723584;0
29/03/2017;19:31:55;-3.07737616;-59.97256745;50;2534723584;0
29/03/2017;19:32:00;-3.07737616;-59.97256745;50;2534723584;0
29/03/2017;19:32:05;-3.07737616;-59.97256745;50;2534723584;0
29/03/2017;19:32:10;-3.07737616;-59.97256745;50;2534723584;0
29/03/2017;19:32:15;-3.07737616;-59.97256745;50;2534723584;0
29/03/2017;19:32:20;-3.07737616;-59.97256745;50;2534723584;0
29/03/2017;19:32:25;-3.07737616;-59.97256745;50;2534723584;0
29/03/2017;19:32:30;-3.07737616;-59.97256745;50;2534723584;0
29/03/2017;19:32:35;-3.07737616;-59.97256745;50;2534723584;0
29/03/2017;19:32:40;-3.07737597;-59.97256733;50;2534727680;0
29/03/2017;19:32:45;-3.07737597;-59.97256733;50;2534727680;0
29/03/2017;19:32:50;-3.07737597;-59.97256733;50;2534727680;0
29/03/2017;19:32:55;-3.07737597;-59.97256733;50;2534727680;0
29/03/2017;19:33:00;-3.07737597;-59.97256733;50;2534727680;0
29/03/2017;19:33:06;-3.07737597;-59.97256733;50;2534727680;0
29/03/2017;19:33:11;-3.07737597;-59.97256733;50;2534727680;0
29/03/2017;19:33:16;-3.07737597;-59.97256733;50;2534727680;0
29/03/2017;19:33:21;-3.07737597;-59.97256733;50;2534727680;0
29/03/2017;19:33:26;-3.07737597;-59.97256733;50;2534727680;0
29/03/2017;19:33:31;-3.07737597;-59.97256733;50;2534727680;0
29/03/2017;19:33:36;-3.07737597;-59.97256733;50;2534727680;0
29/03/2017;19:33:41;-3.077376;-59.97256711;50;2534727680;0
29/03/2017;19:33:46;-3.077376;-59.97256711;50;2534727680;0
29/03/2017;19:33:51;-3.077376;-59.97256711;50;2534727680;0
29/03/2017;19:33:56;-3.077376;-59.97256711;50;2534727680;0
29/03/2017;19:34:01;-3.077376;-59.97256711;50;2534727680;0
29/03/2017;19:34:06;-3.077376;-59.97256711;50;2534727680;0
29/03/2017;19:34:11;-3.077376;-59.97256711;50;2534727680;0
29/03/2017;19:34:16;-3.077376;-59.97256711;50;2534727680;0
29/03/2017;19:34:21;-3.077376;-59.97256711;50;2534727680;0
29/03/2017;19:34:26;-3.077376;-59.97256711;50;2534727680;0
29/03/2017;19:34:31;-3.077376;-59.97256711;50;2534727680;0
29/03/2017;19:34:36;-3.077376;-59.97256711;50;2534727680;0
29/03/2017;19:34:41;-3.07737633;-59.97256739;50;2534727680;0
29/03/2017;19:34:46;-3.07737633;-59.97256739;49;2534727680;0
29/03/2017;19:34:51;-3.07737633;-59.97256739;49;2534727680;0
29/03/2017;19:34:56;-3.07737633;-59.97256739;49;2534727680;0
29/03/2017;19:35:01;-3.07737633;-59.97256739;49;2534727680;0
29/03/2017;19:35:06;-3.07737633;-59.97256739;49;2534727680;0
29/03/2017;19:35:11;-3.07737633;-59.97256739;49;2534727680;0
29/03/2017;19:35:16;-3.07737633;-59.97256739;49;2534727680;0
29/03/2017;19:35:21;-3.07737633;-59.97256739;49;2534727680;0
29/03/2017;19:35:26;-3.07737633;-59.97256739;49;2534723584;0
29/03/2017;19:35:31;-3.07737633;-59.97256739;49;2534723584;0
29/03/2017;19:35:36;-3.07737633;-59.97256739;49;2534723584;0
29/03/2017;19:35:41;-3.07737633;-59.97256739;49;2534723584;0
29/03/2017;19:35:46;-3.07737633;-59.97256739;49;2534723584;0
29/03/2017;19:35:51;-3.07737633;-59.97256739;49;2534723584;0
29/03/2017;19:35:56;-3.07737633;-59.97256739;49;2534723584;0
29/03/2017;19:36:01;-3.07737633;-59.97256739;49;2534723584;0
29/03/2017;19:36:06;-3.07737633;-59.97256739;49;2534723584;0
29/03/2017;19:36:11;-3.07737633;-59.97256739;49;2534723584;0
29/03/2017;19:36:16;-3.07737633;-59.97256739;49;2534723584;0
29/03/2017;19:36:21;-3.07737633;-59.97256739;49;2534723584;0
29/03/2017;19:36:26;-3.07737633;-59.97256739;49;2534723584;0
29/03/2017;19:36:31;-3.07737633;-59.97256739;49;2534723584;0
29/03/2017;19:36:36;-3.07737633;-59.97256739;49;2534723584;0
29/03/2017;19:36:41;-3.07737633;-59.97256739;49;2534723584;0
29/03/2017;19:36:46;-3.07737633;-59.97256739;49;2534723584;0
29/03/2017;19:36:51;-3.07737633;-59.97256739;49;2534723584;0
29/03/2017;19:36:57;-3.07737633;-59.97256739;49;2534723584;0
29/03/2017;19:37:02;-3.07737633;-59.97256739;49;2534723584;0
29/03/2017;19:37:07;-3.07737633;-59.97256739;49;2534723584;0
29/03/2017;19:37:12;-3.07737633;-59.97256739;49;2534723584;0
29/03/2017;19:37:17;-3.07737633;-59.97256739;49;2534723584;0
29/03/2017;19:37:22;-3.07737633;-59.97256739;49;2534723584;0
29/03/2017;19:37:27;-3.07737633;-59.97256739;49;2534723584;0
29/03/2017;19:37:32;-3.07737633;-59.97256739;49;2534723584;0
29/03/2017;19:37:37;-3.07737633;-59.97256739;49;2534723584;0
29/03/2017;19:37:42;-3.07737633;-59.97256739;49;2534727680;0
29/03/2017;19:37:47;-3.07737633;-59.97256739;49;2534727680;0
29/03/2017;19:37:52;-3.07737633;-59.97256739;49;2534727680;0
29/03/2017;19:37:57;-3.07737633;-59.97256739;49;2534727680;0
29/03/2017;19:38:02;-3.07737633;-59.97256739;49;2534727680;0
29/03/2017;19:38:07;-3.07737633;-59.97256739;49;2534727680;0
29/03/2017;19:38:12;-3.07737633;-59.97256739;49;2534727680;0
29/03/2017;19:38:17;-3.07737633;-59.97256739;49;2534727680;0
29/03/2017;19:38:22;-3.07737633;-59.97256739;49;2534727680;0
29/03/2017;19:38:27;-3.07737633;-59.97256739;49;2534727680;0
29/03/2017;19:38:32;-3.07737633;-59.97256739;49;2534727680;0
29/03/2017;19:38:37;-3.07737633;-59.97256739;49;2534727680;0
29/03/2017;19:38:42;-3.07737633;-59.97256739;49;2534719488;0
29/03/2017;19:38:47;-3.07737633;-59.97256739;49;2534719488;0
29/03/2017;19:38:52;-3.07737633;-59.97256739;49;2534719488;0
29/03/2017;19:38:57;-3.07737633;-59.97256739;49;2534719488;0
29/03/2017;19:39:02;-3.07737633;-59.97256739;49;2534719488;0
29/03/2017;19:39:07;-3.07737633;-59.97256739;49;2534719488;0
29/03/2017;19:39:12;-3.07737633;-59.97256739;49;2534719488;0
29/03/2017;19:39:17;-3.07737633;-59.97256739;49;2534719488;0
29/03/2017;19:39:22;-3.07737633;-59.97256739;49;2534719488;0
29/03/2017;19:39:27;-3.07737633;-59.97256739;49;2534719488;0
29/03/2017;19:39:32;-3.07737633;-59.97256739;49;2534719488;0
29/03/2017;19:39:37;-3.07737633;-59.97256739;49;2534719488;0
29/03/2017;19:39:42;-3.07737633;-59.97256739;49;2534719488;0
29/03/2017;19:39:47;-3.07737633;-59.97256739;49;2534719488;0
29/03/2017;19:39:52;-3.07737633;-59.97256739;49;2534719488;0
29/03/2017;19:39:57;-3.07737633;-59.97256739;49;2534719488;0
29/03/2017;19:40:02;-3.07737633;-59.97256739;49;2534719488;0
29/03/2017;19:40:07;-3.07737633;-59.97256739;49;2534719488;0
29/03/2017;19:40:12;-3.07737633;-59.97256739;49;2534719488;0
29/03/2017;19:40:17;-3.07737633;-59.97256739;49;2534719488;0
29/03/2017;19:40:22;-3.07737633;-59.97256739;49;2534719488;0
29/03/2017;19:40:27;-3.07737633;-59.97256739;49;2534719488;0
29/03/2017;19:40:32;-3.07737633;-59.97256739;49;2534719488;0
29/03/2017;19:40:37;-3.07737633;-59.97256739;49;2534719488;0
29/03/2017;19:40:42;-3.07737659;-59.97256717;49;2534748160;0
29/03/2017;19:40:48;-3.07737659;-59.97256717;49;2534748160;0
29/03/2017;19:40:53;-3.07737659;-59.97256717;49;2534748160;0
29/03/2017;19:40:58;-3.07737659;-59.97256717;49;2534748160;0
29/03/2017;19:41:03;-3.07737659;-59.97256717;49;2534744064;0
29/03/2017;19:41:08;-3.07737659;-59.97256717;49;2534744064;0
29/03/2017;19:41:13;-3.07737659;-59.97256717;49;2534744064;0
29/03/2017;19:41:18;-3.07737659;-59.97256717;49;2534744064;0
29/03/2017;19:41:23;-3.07737659;-59.97256717;49;2534744064;0
29/03/2017;19:41:28;-3.07737659;-59.97256717;49;2534744064;0
29/03/2017;19:41:33;-3.07737659;-59.97256717;49;2534744064;0
29/03/2017;19:41:38;-3.07737659;-59.97256717;49;2534744064;0
29/03/2017;19:41:43;-3.07737659;-59.97256717;49;2534744064;0
29/03/2017;19:41:48;-3.07737659;-59.97256717;49;2534744064;0
29/03/2017;19:41:53;-3.07737659;-59.97256717;49;2534744064;0
29/03/2017;19:41:58;-3.07737659;-59.97256717;49;2534744064;0
29/03/2017;19:42:03;-3.07737659;-59.97256717;49;2534744064;0
29/03/2017;19:42:08;-3.07737659;-59.97256717;49;2534744064;0
29/03/2017;19:42:13;-3.07737659;-59.97256717;49;2534744064;0
29/03/2017;19:42:18;-3.07737659;-59.97256717;49;2534744064;0
29/03/2017;19:42:23;-3.07737659;-59.97256717;49;2534744064;0
29/03/2017;19:42:28;-3.07737659;-59.97256717;49;2534744064;0
29/03/2017;19:42:33;-3.07737659;-59.97256717;49;2534744064;0
29/03/2017;19:42:38;-3.07737659;-59.97256717;49;2534744064;0
29/03/2017;19:42:43;-3.07737659;-59.97256717;49;2534744064;0
29/03/2017;19:42:48;-3.07737659;-59.97256717;49;2534744064;0
29/03/2017;19:42:53;-3.07737659;-59.97256717;49;2534744064;0
29/03/2017;19:42:58;-3.07737659;-59.97256717;49;2534744064;0
29/03/2017;19:43:03;-3.07737659;-59.97256717;49;2534744064;0
29/03/2017;19:43:08;-3.07737659;-59.97256717;49;2534744064;0
29/03/2017;19:43:13;-3.07737659;-59.97256717;49;2534744064;0
29/03/2017;19:43:18;-3.07737659;-59.97256717;49;2534744064;0
29/03/2017;19:43:23;-3.07737659;-59.97256717;49;2534744064;0
29/03/2017;19:43:28;-3.07737659;-59.97256717;49;2534744064;0
29/03/2017;19:43:33;-3.07737659;-59.97256717;49;2534744064;0
29/03/2017;19:43:38;-3.07737659;-59.97256717;49;2534744064;0
29/03/2017;19:43:43;-3.07737659;-59.97256717;49;2534744064;0
29/03/2017;19:43:48;-3.07737659;-59.97256717;49;2534744064;0
29/03/2017;19:43:53;-3.07737659;-59.97256717;49;2534744064;0
29/03/2017;19:43:58;-3.07737659;-59.97256717;49;2534739968;0
29/03/2017;19:44:03;-3.07737659;-59.97256717;49;2534735872;0
29/03/2017;19:44:08;-3.07737659;-59.97256717;49;2534735872;0
29/03/2017;19:44:13;-3.07737659;-59.97256717;49;2534731776;0
29/03/2017;19:44:18;-3.07737659;-59.97256717;49;2534731776;0
29/03/2017;19:44:23;-3.07737659;-59.97256717;49;2534731776;0
29/03/2017;19:44:28;-3.07737659;-59.97256717;49;2534731776;0
29/03/2017;19:44:33;-3.07737659;-59.97256717;49;2534731776;0
29/03/2017;19:44:38;-3.07737659;-59.97256717;49;2534731776;0
29/03/2017;19:44:44;-3.07737659;-59.97256717;49;2534731776;0
29/03/2017;19:44:49;-3.07737659;-59.97256717;49;2534731776;0
29/03/2017;19:44:54;-3.07737659;-59.97256717;49;2534731776;0
29/03/2017;19:44:59;-3.07737659;-59.97256717;49;2534731776;0
29/03/2017;19:45:04;-3.07737659;-59.97256717;49;2534731776;0
29/03/2017;19:45:09;-3.07737659;-59.97256717;49;2534731776;0
29/03/2017;19:45:14;-3.07737659;-59.97256717;49;2534731776;0
29/03/2017;19:45:19;-3.07737659;-59.97256717;49;2534731776;0
29/03/2017;19:45:24;-3.07737659;-59.97256717;49;2534727680;0
29/03/2017;19:45:29;-3.07737659;-59.97256717;49;2534715392;0
29/03/2017;19:45:34;-3.08145682;-59.96784722;49;2534563840;0
29/03/2017;19:45:39;-3.08145682;-59.96784722;49;2535112704;0
29/03/2017;19:45:44;-3.08145682;-59.96784722;48;2534928384;0
29/03/2017;19:45:49;-3.08145682;-59.96784722;48;2535100416;0
29/03/2017;19:45:54;-3.08145682;-59.96784722;48;2535100416;0
29/03/2017;19:45:59;-3.08145682;-59.96784722;48;2535096320;0
29/03/2017;19:46:04;-3.08145682;-59.96784722;48;2535096320;0
29/03/2017;19:46:09;-3.08145682;-59.96784722;48;2535096320;0
29/03/2017;19:46:14;-3.08145682;-59.96784722;48;2535096320;0
29/03/2017;19:46:19;-3.08145682;-59.96784722;48;2535096320;0
29/03/2017;19:46:24;-3.08145682;-59.96784722;48;2535092224;0
29/03/2017;19:46:29;-3.08145682;-59.96784722;48;2534936576;0
29/03/2017;19:46:34;-3.08142695;-59.96789992;48;2534903808;0
29/03/2017;19:46:39;-3.08142695;-59.96789992;48;2534887424;0
29/03/2017;19:46:44;-3.08142695;-59.96789992;48;2534883328;0
29/03/2017;19:46:49;-3.08142695;-59.96789992;48;2534834176;0
29/03/2017;19:46:54;-3.08142695;-59.96789992;48;2534813696;0
29/03/2017;19:46:59;-3.08142695;-59.96789992;48;2534797312;0
29/03/2017;19:47:04;-3.08142695;-59.96789992;48;2534793216;0
29/03/2017;19:47:09;-3.08142695;-59.96789992;48;2534789120;0
29/03/2017;19:47:14;-3.08142695;-59.96789992;48;2534805504;0
29/03/2017;19:47:19;-3.08142695;-59.96789992;48;2534785024;0
29/03/2017;19:47:25;-3.08142695;-59.96789992;48;2534699008;0
29/03/2017;19:47:30;-3.08142695;-59.96789992;48;2534699008;0
29/03/2017;19:47:35;-3.08145274;-59.96791048;48;2534694912;0
29/03/2017;19:47:40;-3.08145274;-59.96791048;48;2534699008;0
29/03/2017;19:47:45;-3.08145274;-59.96791048;48;2534694912;0
29/03/2017;19:47:50;-3.08145274;-59.96791048;48;2534694912;0
29/03/2017;19:47:55;-3.08145274;-59.96791048;48;2534686720;0
29/03/2017;19:48:00;-3.08145274;-59.96791048;48;2534928384;0
29/03/2017;19:48:05;-3.08145274;-59.96791048;48;2535075840;0
29/03/2017;19:48:10;-3.08145274;-59.96791048;48;2535075840;0
29/03/2017;19:48:15;-3.08145274;-59.96791048;48;2535063552;0
29/03/2017;19:48:20;-3.08145274;-59.96791048;48;2534916096;0
29/03/2017;19:48:25;-3.08145274;-59.96791048;48;2534916096;0
29/03/2017;19:48:30;-3.08145274;-59.96791048;48;2534912000;0
29/03/2017;19:48:35;-3.08145812;-59.96790927;48;2534912000;0
29/03/2017;19:48:40;-3.08145812;-59.96790927;48;2534903808;0
29/03/2017;19:48:45;-3.08145812;-59.96790927;47;2534862848;0
29/03/2017;19:48:50;-3.08145812;-59.96790927;47;2534862848;0
29/03/2017;19:48:55;-3.08145812;-59.96790927;47;2534854656;0
29/03/2017;19:49:00;-3.08145812;-59.96790927;47;2534862848;0
29/03/2017;19:49:05;-3.08145812;-59.96790927;47;2534895616;0
29/03/2017;19:49:10;-3.08145812;-59.96790927;47;2534895616;0
29/03/2017;19:49:15;-3.08145812;-59.96790927;47;2534891520;0
29/03/2017;19:49:20;-3.08145812;-59.96790927;47;2534891520;0
29/03/2017;19:49:25;-3.08145812;-59.96790927;47;2534891520;0
29/03/2017;19:49:30;-3.08145812;-59.96790927;47;2534887424;0
29/03/2017;19:49:35;-3.08145428;-59.96791219;47;2534883328;0
29/03/2017;19:49:40;-3.08145428;-59.96791219;47;2534883328;0
29/03/2017;19:49:45;-3.08145428;-59.96791219;47;2534883328;0
29/03/2017;19:49:50;-3.08145428;-59.96791219;47;2534879232;0
29/03/2017;19:49:55;-3.08145428;-59.96791219;47;2534879232;0
29/03/2017;19:50:00;-3.08145428;-59.96791219;47;2534879232;0
29/03/2017;19:50:05;-3.08145428;-59.96791219;47;2534641664;0
29/03/2017;19:50:10;-3.08145428;-59.96791219;47;2534637568;0
29/03/2017;19:50:15;-3.08145428;-59.96791219;47;2534637568;0
29/03/2017;19:50:20;-3.08145428;-59.96791219;47;2534633472;0
29/03/2017;19:50:25;-3.08145428;-59.96791219;47;2534682624;0
29/03/2017;19:50:30;-3.08145428;-59.96791219;47;2534670336;0
29/03/2017;19:50:35;-3.08145428;-59.96791219;47;2534658048;0
29/03/2017;19:50:40;-3.08145428;-59.96791219;47;2534653952;0
29/03/2017;19:50:45;-3.08145428;-59.96791219;47;2534649856;0
29/03/2017;19:50:50;-3.08145428;-59.96791219;47;2534637568;0
29/03/2017;19:50:55;-3.08145428;-59.96791219;47;2534629376;0
29/03/2017;19:51:00;-3.08145428;-59.96791219;47;2534293504;0
29/03/2017;19:51:06;-3.08145428;-59.96791219;47;2532581376;0
29/03/2017;19:51:11;-3.08145428;-59.96791219;47;2532581376;0
29/03/2017;19:51:16;-3.08145428;-59.96791219;47;2532560896;0
29/03/2017;19:51:21;-3.08145428;-59.96791219;47;2532552704;0
29/03/2017;19:51:26;-3.08145428;-59.96791219;46;2532552704;0
29/03/2017;19:51:31;-3.08145428;-59.96791219;46;2532548608;0
29/03/2017;19:51:36;-3.08145428;-59.96791219;46;2532540416;0
29/03/2017;19:51:41;-3.08115285;-59.96681073;46;2532503552;0
29/03/2017;19:51:46;-3.08115285;-59.96681073;46;2532503552;0
29/03/2017;19:51:51;-3.08115285;-59.96681073;46;2532499456;0
29/03/2017;19:51:56;-3.08115285;-59.96681073;46;2532499456;0
29/03/2017;19:52:01;-3.08115285;-59.96681073;46;2532495360;0
29/03/2017;19:52:06;-3.08115285;-59.96681073;46;2532495360;0
29/03/2017;19:52:11;-3.08115285;-59.96681073;46;2532487168;0
29/03/2017;19:52:16;-3.08115285;-59.96681073;46;2532507648;0
29/03/2017;19:52:21;-3.08115285;-59.96681073;46;2532466688;0
29/03/2017;19:52:26;-3.08115285;-59.96681073;46;2532462592;0
29/03/2017;19:52:31;-3.08115285;-59.96681073;46;2532462592;0
29/03/2017;19:52:36;-3.08115285;-59.96681073;46;2532462592;0
29/03/2017;19:52:41;-3.08115285;-59.96681073;46;2532462592;0
29/03/2017;19:52:46;-3.08115285;-59.96681073;46;2532462592;0
29/03/2017;19:52:51;-3.08115285;-59.96681073;46;2532458496;0
29/03/2017;19:52:56;-3.08115285;-59.96681073;46;2532425728;0
29/03/2017;19:53:01;-3.08115285;-59.96681073;46;2532421632;0
29/03/2017;19:53:06;-3.08115285;-59.96681073;46;2532438016;0
29/03/2017;19:53:11;-3.08115285;-59.96681073;46;2532433920;0
29/03/2017;19:53:16;-3.08115285;-59.96681073;46;2532413440;0
29/03/2017;19:53:21;-3.08115285;-59.96681073;46;2532413440;0
29/03/2017;19:53:26;-3.08115285;-59.96681073;46;2532405248;0
29/03/2017;19:53:31;-3.08115285;-59.96681073;46;2532405248;0
29/03/2017;19:53:36;-3.08115285;-59.96681073;46;2532405248;0
29/03/2017;19:53:41;-3.08115285;-59.96681073;46;2532405248;0
29/03/2017;19:53:46;-3.08115285;-59.96681073;46;2532405248;0
29/03/2017;19:53:51;-3.08115285;-59.96681073;46;2532405248;0
29/03/2017;19:53:56;-3.07669373;-59.96269587;46;2532401152;0
29/03/2017;19:54:01;-3.07669373;-59.96269587;46;2532401152;0
29/03/2017;19:54:07;-3.07669373;-59.96269587;46;2532401152;0
29/03/2017;19:54:12;-3.07669373;-59.96269587;46;2532401152;0
29/03/2017;19:54:17;-3.07669373;-59.96269587;46;2532401152;0
29/03/2017;19:54:22;-3.07669373;-59.96269587;46;2532401152;0
29/03/2017;19:54:27;-3.07669373;-59.96269587;46;2532397056;0
29/03/2017;19:54:32;-3.07669373;-59.96269587;46;2532397056;0
29/03/2017;19:54:37;-3.07669373;-59.96269587;46;2532397056;0
29/03/2017;19:54:42;-3.07669373;-59.96269587;46;2532397056;0
29/03/2017;19:54:47;-3.07669373;-59.96269587;46;2532384768;0
29/03/2017;19:54:52;-3.07669373;-59.96269587;46;2533322752;0
29/03/2017;19:54:57;-3.07669373;-59.96269587;46;2533318656;0
29/03/2017;19:55:02;-3.07669373;-59.96269587;46;2533318656;0
29/03/2017;19:55:07;-3.07669373;-59.96269587;46;2533318656;0
29/03/2017;19:55:12;-3.07669373;-59.96269587;46;2533318656;0
29/03/2017;19:55:17;-3.07669373;-59.96269587;46;2533318656;0
29/03/2017;19:55:22;-3.07669373;-59.96269587;46;2533318656;0
29/03/2017;19:55:27;-3.07669373;-59.96269587;46;2533318656;0
29/03/2017;19:55:32;-3.07669373;-59.96269587;46;2533318656;0
29/03/2017;19:55:37;-3.07669373;-59.96269587;46;2533318656;0
29/03/2017;19:55:42;-3.07669373;-59.96269587;46;2533318656;0
29/03/2017;19:55:47;-3.07669373;-59.96269587;46;2533314560;0
29/03/2017;19:55:52;-3.07669373;-59.96269587;46;2533314560;0
29/03/2017;19:55:57;-3.07669373;-59.96269587;46;2533314560;0
29/03/2017;19:56:02;-3.07669373;-59.96269587;46;2533314560;0
29/03/2017;19:56:07;-3.07669373;-59.96269587;46;2533187584;0
29/03/2017;19:56:12;-3.07669373;-59.96269587;46;2533285888;0